0 0.130859 0.305729 0.028906 0.030208
0 0.202344 0.301042 0.029688 0.025
0 0.278906 0.296875 0.026563 0.027083
0 0.344922 0.294271 0.033594 0.028125
0 0.420703 0.29375 0.039844 0.025
0 0.489063 0.291667 0.028125 0.022917
0 0.556641 0.289583 0.030469 0.027083
0 0.628516 0.284375 0.027344 0.027083
0 0.7 0.280729 0.028125 0.030208
0 0.766016 0.280208 0.030469 0.025
0 0.148047 0.691146 0.028906 0.028125
0 0.216797 0.686979 0.028906 0.026042
0 0.291797 0.682813 0.033594 0.028125
0 0.360547 0.68125 0.030469 0.025
0 0.430078 0.678125 0.032031 0.033333
0 0.501172 0.673438 0.027344 0.028125
0 0.566406 0.669792 0.025 0.022917
0 0.636719 0.665625 0.026563 0.022917
0 0.707813 0.659896 0.028125 0.028125
0 0.773438 0.658333 0.029688 0.025
