0 0.415625 0.280208 0.026563 0.039583
0 0.398438 0.321875 0.026563 0.039583
0 0.381641 0.3625 0.025781 0.0375
0 0.365234 0.403646 0.027344 0.038542
0 0.348438 0.445833 0.03125 0.04375
0 0.33125 0.484896 0.029688 0.040625
0 0.314063 0.526042 0.026563 0.0375
0 0.297266 0.566667 0.028906 0.039583
0 0.280469 0.607292 0.026563 0.035417
0 0.662891 0.466667 0.025781 0.035417
0 0.646094 0.507292 0.025 0.033333
0 0.627734 0.546875 0.024219 0.0375
0 0.611719 0.586458 0.026563 0.035417
0 0.59375 0.627604 0.025 0.038542
0 0.575781 0.667708 0.025 0.035417
0 0.558984 0.707292 0.022656 0.035417
0 0.542578 0.747396 0.024219 0.032292
0 0.525781 0.7875 0.025 0.035417
