0 0.04633333333333333 0.50425 0.05933333333333333 0.0495
0 0.11333333333333333 0.54625 0.064 0.0485
0 0.17733333333333332 0.58675 0.06266666666666666 0.0465
0 0.24166666666666667 0.62875 0.062 0.0445
0 0.30566666666666664 0.668 0.06066666666666667 0.046
0 0.36933333333333335 0.71025 0.06 0.043500000000000004
0 0.43166666666666664 0.7515000000000001 0.057999999999999996 0.045
0 0.010333333333333333 0.06825 0.022 0.0345
0 0.030333333333333334 0.035 0.062 0.046
0 0.056666666666666664 0.10875 0.06266666666666666 0.0455
0 0.09666666666666666 0.07775 0.064 0.0445
0 0.12333333333333332 0.152 0.06266666666666666 0.044
0 0.15966666666666665 0.11925000000000001 0.06466666666666666 0.0455
0 0.18666666666666665 0.19425 0.064 0.0455
0 0.224 0.16175 0.06266666666666666 0.0475
0 0.251 0.23650000000000002 0.062 0.043000000000000003
0 0.4066666666666667 0.23875000000000002 0.0 0.0005
0 0.2876666666666667 0.20325000000000001 0.06466666666666666 0.0465
0 0.31366666666666665 0.27875 0.062 0.0455
0 0.307 0.3285 0.0006666666666666666 0.0
0 0.35366666666666663 0.24525 0.06333333333333332 0.0445
0 0.3793333333333333 0.3205 0.06 0.044
0 0.41566666666666663 0.28675 0.062 0.0465
0 0.4403333333333333 0.36175 0.06066666666666667 0.0475
0 0.4723333333333333 0.328 0.051333333333333335 0.047
0 0.5033333333333333 0.40225 0.064 0.0415
0 0.39899999999999997 0.43075 0.0006666666666666666 0.0005
0 0.49466666666666664 0.7887500000000001 0.06 0.0415
0 0.5599999999999999 0.8310000000000001 0.058666666666666666 0.043000000000000003
0 0.6206666666666667 0.869 0.064 0.047
0 0.6136666666666667 0.94925 0.0006666666666666666 0.0005
0 0.6826666666666666 0.909 0.06 0.044
0 0.7423333333333333 0.9480000000000001 0.05933333333333333 0.046
0 0.8053333333333333 0.9812500000000001 0.056 0.0345
0 0.542 0.37 0.064 0.047
0 0.5666666666666667 0.444 0.06266666666666666 0.045
0 0.6033333333333333 0.40950000000000003 0.06 0.044
0 0.6283333333333333 0.48425 0.06333333333333332 0.0455
0 0.6659999999999999 0.45225 0.058666666666666666 0.043500000000000004
0 0.6896666666666667 0.5245 0.062 0.047
0 0.726 0.491 0.064 0.047
0 0.7496666666666666 0.56325 0.057999999999999996 0.0425
0 0.7869999999999999 0.53125 0.062 0.0445
0 0.8123333333333334 0.6042500000000001 0.06333333333333332 0.0475
0 0.8926666666666666 0.5685 0.0013333333333333333 0.0
0 0.8486666666666667 0.5720000000000001 0.06 0.044
0 0.8726666666666666 0.6435 0.05733333333333333 0.047
0 0.9076666666666666 0.6125 0.057999999999999996 0.045
0 0.9316666666666666 0.68325 0.06066666666666667 0.043500000000000004
0 0.9676666666666667 0.64975 0.06066666666666667 0.0465
0 0.9806666666666667 0.5992500000000001 0.0 0.0005
0 0.9803333333333333 0.7202500000000001 0.038 0.0415
0 0.5476666666666666 0.00375 0.03 0.0075
0 0.6093333333333333 0.029500000000000002 0.05733333333333333 0.042
0 0.6729999999999999 0.07 0.062 0.043000000000000003
0 0.7316666666666667 0.11 0.05933333333333333 0.043000000000000003
0 0.7929999999999999 0.15225 0.057999999999999996 0.0455
0 0.854 0.1925 0.058666666666666666 0.044
0 0.9136666666666666 0.23450000000000001 0.05933333333333333 0.047
0 0.9693333333333333 0.27425 0.06 0.0455
