0 0.007 0.447 0.015333333333333332 0.028
0 0.04666666666666666 0.4865 0.058666666666666666 0.041
0 0.111 0.52975 0.056666666666666664 0.043500000000000004
0 0.17266666666666666 0.57025 0.05733333333333333 0.0415
0 0.23199999999999998 0.612 0.05733333333333333 0.042
0 0.293 0.652 0.05933333333333333 0.044
0 0.353 0.69275 0.057999999999999996 0.0445
0 0.4136666666666666 0.7345 0.05933333333333333 0.045
0 0.4716666666666667 0.775 0.057999999999999996 0.045
0 0.5313333333333333 0.8150000000000001 0.056 0.045
0 0.5913333333333333 0.856 0.056 0.044
0 0.648 0.8955000000000001 0.06 0.045
0 0.7073333333333333 0.9345 0.05333333333333333 0.044
0 0.7636666666666666 0.9735 0.057999999999999996 0.044
0 0.004333333333333333 0.83025 0.01 0.0205
0 0.04066666666666666 0.87025 0.058666666666666666 0.0455
0 0.015666666666666666 0.9025 0.03266666666666666 0.045
0 0.066 0.94425 0.06 0.0445
0 0.10233333333333333 0.911 0.062 0.045
0 0.12866666666666665 0.9805 0.06266666666666666 0.038
0 0.16433333333333333 0.95225 0.05933333333333333 0.0445
0 0.22599999999999998 0.98375 0.06133333333333333 0.0315
