0 0.145 0.7515000000000001 0.06733333333333333 0.05
0 0.21566666666666667 0.794 0.066 0.051000000000000004
0 0.28099999999999997 0.837 0.06866666666666667 0.05
0 0.35 0.879 0.07066666666666667 0.051000000000000004
0 0.416 0.9205 0.06666666666666667 0.048
0 0.48333333333333334 0.962 0.06933333333333333 0.051000000000000004
0 0.5529999999999999 0.9882500000000001 0.066 0.0225
0 0.42666666666666664 0.5245 0.058666666666666666 0.045
0 0.4653333333333333 0.49125 0.06533333333333333 0.0455
0 0.493 0.56675 0.066 0.0465
0 0.531 0.5345 0.06466666666666666 0.047
0 0.5579999999999999 0.60925 0.06266666666666666 0.0465
0 0.5966666666666667 0.577 0.06266666666666666 0.047
0 0.623 0.65275 0.06333333333333332 0.0445
0 0.6606666666666666 0.61925 0.06266666666666666 0.0465
0 0.6869999999999999 0.69625 0.06333333333333332 0.0465
0 0.7243333333333333 0.662 0.06466666666666666 0.049
0 0.7506666666666666 0.73725 0.06533333333333333 0.0455
0 0.7883333333333333 0.7020000000000001 0.06466666666666666 0.049
0 0.8146666666666667 0.778 0.064 0.046
0 0.8526666666666667 0.744 0.064 0.046
0 0.8786666666666666 0.82025 0.064 0.0465
0 0.9149999999999999 0.7857500000000001 0.06333333333333332 0.0465
0 0.94 0.86175 0.06133333333333333 0.0465
0 0.973 0.8285 0.05266666666666667 0.048
0 0.986 0.902 0.026666666666666665 0.045
0 0.7316666666666667 0.273 0.062 0.043000000000000003
0 0.7953333333333333 0.316 0.06266666666666666 0.044
0 0.8596666666666667 0.35775 0.06333333333333332 0.0465
0 0.9223333333333333 0.40125 0.06066666666666667 0.0465
0 0.9773333333333333 0.44625000000000004 0.044 0.043500000000000004
