0 0.012 0.29 0.025333333333333333 0.042
0 0.059666666666666666 0.32925 0.057999999999999996 0.0415
0 0.121 0.36975 0.06066666666666667 0.0455
0 0.18333333333333332 0.40875 0.058666666666666666 0.0455
0 0.244 0.448 0.058666666666666666 0.046
0 0.304 0.4865 0.05466666666666666 0.044
0 0.366 0.52675 0.05733333333333333 0.0455
0 0.19 0.026000000000000002 0.06 0.043000000000000003
0 0.22466666666666665 0.006500000000000001 0.04533333333333333 0.013000000000000001
0 0.25066666666666665 0.06425 0.058666666666666666 0.0445
0 0.28633333333333333 0.0325 0.06066666666666667 0.043000000000000003
0 0.31266666666666665 0.10525 0.06133333333333333 0.0445
0 0.3473333333333333 0.07200000000000001 0.058666666666666666 0.043000000000000003
0 0.3733333333333333 0.14225000000000002 0.05733333333333333 0.0445
0 0.4066666666666667 0.1125 0.06 0.043000000000000003
0 0.432 0.18425 0.058666666666666666 0.0455
0 0.4683333333333333 0.1505 0.056666666666666664 0.045
0 0.491 0.2225 0.05933333333333333 0.047
0 0.527 0.18975 0.057999999999999996 0.043500000000000004
0 0.5529999999999999 0.2625 0.056666666666666664 0.043000000000000003
0 0.5836666666666667 0.2295 0.05533333333333333 0.046
0 0.6106666666666667 0.304 0.056 0.041
0 0.646 0.269 0.05733333333333333 0.045
0 0.8213333333333334 0.01725 0.056 0.0335
0 0.881 0.052000000000000005 0.054 0.042
