0 0.3456666666666667 0.04925 0.04466666666666667 0.0335
0 0.4063333333333333 0.0485 0.048666666666666664 0.033
0 0.8226666666666667 0.0575 0.04533333333333333 0.034
0 0.8233333333333333 0.0045000000000000005 0.048 0.01
0 0.3453333333333333 0.11575 0.04933333333333333 0.0365
0 0.4073333333333333 0.115 0.04533333333333333 0.035
0 0.8243333333333333 0.12175 0.041999999999999996 0.035500000000000004
0 0.3466666666666667 0.1815 0.04666666666666666 0.036000000000000004
0 0.4076666666666667 0.18225 0.046 0.0345
0 0.825 0.18775 0.04733333333333333 0.0335
0 0.3456666666666667 0.24925 0.046 0.0335
0 0.4083333333333333 0.2485 0.04733333333333333 0.036000000000000004
0 0.8253333333333333 0.25375000000000003 0.044 0.0325
0 0.3466666666666667 0.31625000000000003 0.04666666666666666 0.0325
0 0.4073333333333333 0.31575000000000003 0.04533333333333333 0.0335
0 0.8266666666666667 0.31875000000000003 0.04533333333333333 0.0325
0 0.3473333333333333 0.3825 0.04533333333333333 0.034
0 0.409 0.38225000000000003 0.046 0.0345
0 0.827 0.385 0.046 0.033
0 0.3473333333333333 0.45025 0.04533333333333333 0.035500000000000004
0 0.409 0.4495 0.046 0.034
0 0.827 0.44975 0.046 0.0325
0 0.348 0.51825 0.04533333333333333 0.0335
0 0.4083333333333333 0.51775 0.04466666666666667 0.0325
0 0.8286666666666667 0.5155 0.04533333333333333 0.034
0 0.3466666666666667 0.58425 0.044 0.0335
0 0.4103333333333333 0.5845 0.043333333333333335 0.031
0 0.827 0.58075 0.043333333333333335 0.0335
0 0.348 0.651 0.04533333333333333 0.034
0 0.4106666666666667 0.6495 0.04666666666666666 0.036000000000000004
0 0.827 0.64675 0.04066666666666666 0.035500000000000004
0 0.3486666666666667 0.71825 0.048 0.0365
0 0.4106666666666667 0.7175 0.04666666666666666 0.037
0 0.8286666666666667 0.7125 0.04533333333333333 0.035
0 0.348 0.7855 0.04533333333333333 0.036000000000000004
0 0.4116666666666666 0.78425 0.046 0.0345
0 0.8286666666666667 0.7785 0.04666666666666666 0.034
0 0.34933333333333333 0.8522500000000001 0.042666666666666665 0.0335
0 0.4103333333333333 0.8505 0.04733333333333333 0.034
0 0.829 0.844 0.04466666666666667 0.035
0 0.349 0.92025 0.048666666666666664 0.035500000000000004
0 0.41233333333333333 0.919 0.046 0.034
0 0.829 0.9107500000000001 0.041999999999999996 0.0335
0 0.349 0.984 0.048666666666666664 0.031
0 0.4126666666666666 0.984 0.048 0.031
0 0.83 0.976 0.044 0.034
