0 0.3223333333333333 0.35975 0.043333333333333335 0.035500000000000004
0 0.32266666666666666 0.42575 0.042666666666666665 0.0365
0 0.32366666666666666 0.491 0.046 0.035
0 0.3233333333333333 0.557 0.044 0.036000000000000004
0 0.3243333333333333 0.62325 0.046 0.035500000000000004
0 0.3253333333333333 0.6875 0.042666666666666665 0.036000000000000004
0 0.326 0.753 0.04933333333333333 0.036000000000000004
0 0.3273333333333333 0.81925 0.04666666666666666 0.0335
0 0.327 0.88475 0.046 0.0365
0 0.3273333333333333 0.9495 0.04666666666666666 0.041
