0 0.409 0.337 0.04733333333333333 0.033
0 0.408 0.405 0.04933333333333333 0.036000000000000004
0 0.409 0.47225 0.051333333333333335 0.0335
0 0.409 0.5407500000000001 0.048666666666666664 0.0325
0 0.411 0.60925 0.04733333333333333 0.035500000000000004
0 0.41 0.67725 0.04933333333333333 0.0345
0 0.4096666666666667 0.745 0.049999999999999996 0.035
0 0.4106666666666667 0.81475 0.048 0.0325
0 0.4126666666666666 0.8815000000000001 0.048 0.035
0 0.41233333333333333 0.9505 0.049999999999999996 0.033
0 0.8446666666666667 0.34675 0.04533333333333333 0.035500000000000004
0 0.9059999999999999 0.34825 0.048 0.035500000000000004
0 0.8433333333333333 0.41500000000000004 0.04933333333333333 0.037
0 0.9056666666666666 0.41550000000000004 0.046 0.037
0 0.844 0.48175 0.048 0.0365
0 0.9076666666666666 0.482 0.04733333333333333 0.037
0 0.8446666666666667 0.54825 0.04666666666666666 0.0345
0 0.9076666666666666 0.5485 0.04733333333333333 0.034
0 0.8463333333333333 0.61575 0.048666666666666664 0.035500000000000004
0 0.9076666666666666 0.615 0.04733333333333333 0.034
0 0.847 0.6825 0.04733333333333333 0.037
0 0.9089999999999999 0.68175 0.046 0.0345
0 0.8456666666666667 0.749 0.04466666666666667 0.034
0 0.9086666666666666 0.74975 0.052 0.0335
0 0.847 0.81625 0.051333333333333335 0.0335
0 0.9106666666666666 0.81675 0.04933333333333333 0.0345
0 0.8466666666666667 0.8835000000000001 0.050666666666666665 0.035
0 0.9109999999999999 0.8835000000000001 0.054 0.034
0 0.847 0.95075 0.051333333333333335 0.0335
0 0.9109999999999999 0.95075 0.054 0.0335
