0 0.500391 0.3125 0.025781 0.04375
0 0.478125 0.348438 0.029688 0.044792
0 0.455859 0.383854 0.027344 0.036458
0 0.433203 0.419271 0.028906 0.046875
0 0.410156 0.456771 0.028125 0.040625
0 0.388281 0.492708 0.03125 0.039583
0 0.365234 0.528125 0.028906 0.04375
0 0.34375 0.564583 0.028125 0.039583
0 0.321875 0.599479 0.026563 0.036458
0 0.717188 0.557292 0.025 0.0375
0 0.695703 0.592708 0.025781 0.035417
0 0.672266 0.629167 0.027344 0.0375
0 0.649219 0.663021 0.026563 0.036458
0 0.626953 0.694792 0.028906 0.033333
0 0.604297 0.732292 0.027344 0.035417
0 0.581641 0.769271 0.027344 0.036458
0 0.558594 0.804167 0.028125 0.035417
0 0.537109 0.839062 0.027344 0.036458
