0 0.529 0.7969999999999999 0.04 0.056666666666666664
0 0.48825 0.732 0.0395 0.05466666666666666
0 0.44775000000000004 0.6713333333333333 0.0415 0.05466666666666666
0 0.40925 0.6066666666666667 0.0405 0.05466666666666666
0 0.369 0.5459999999999999 0.042 0.05466666666666666
0 0.33 0.48466666666666663 0.041 0.056
0 0.29075 0.42533333333333334 0.0425 0.052
0 0.25325000000000003 0.36666666666666664 0.0415 0.05333333333333333
0 0.21575 0.307 0.043500000000000004 0.056666666666666664
0 0.17875 0.24666666666666665 0.0405 0.052
0 0.14075000000000001 0.19033333333333333 0.0405 0.057999999999999996
0 0.10350000000000001 0.13366666666666666 0.041 0.056666666666666664
0 0.067 0.07633333333333334 0.039 0.05533333333333333
0 0.0305 0.023 0.039 0.04733333333333333
0 0.37925000000000003 0.021666666666666667 0.0395 0.04466666666666667
0 0.40625 0.005666666666666666 0.021500000000000002 0.012666666666666666
0 0.41625 0.07533333333333334 0.0375 0.048
0 0.446 0.042666666666666665 0.038 0.04933333333333333
0 0.4545 0.13366666666666666 0.037 0.049999999999999996
0 0.48275 0.09966666666666667 0.0415 0.054
0 0.493 0.189 0.037 0.051333333333333335
0 0.52175 0.158 0.0405 0.052
0 0.53125 0.249 0.0375 0.054
0 0.5605 0.21566666666666667 0.04 0.04733333333333333
0 0.5715 0.308 0.038 0.050666666666666665
0 0.59875 0.27466666666666667 0.0415 0.048
0 0.611 0.36733333333333335 0.04 0.05333333333333333
0 0.6505 0.428 0.043000000000000003 0.05466666666666666
0 0.63875 0.33399999999999996 0.0395 0.05466666666666666
0 0.679 0.3923333333333333 0.039 0.05266666666666667
0 0.6905 0.48966666666666664 0.038 0.049999999999999996
0 0.719 0.4523333333333333 0.043000000000000003 0.048666666666666664
0 0.732 0.5486666666666666 0.039 0.05466666666666666
0 0.7585000000000001 0.5133333333333333 0.039 0.05733333333333333
0 0.793 0.04633333333333333 0.037 0.054
0 0.83225 0.09899999999999999 0.0395 0.05266666666666667
0 0.87025 0.15666666666666665 0.0385 0.05466666666666666
0 0.908 0.21633333333333332 0.038 0.054
0 0.94675 0.2733333333333333 0.0365 0.06
0 0.754 0.007 0.019 0.015333333333333332
