0 0.02825 0.07166666666666667 0.029500000000000002 0.04466666666666667
0 0.08425 0.07333333333333333 0.029500000000000002 0.04
0 0.14100000000000001 0.07133333333333333 0.031 0.042666666666666665
0 0.19625 0.06966666666666667 0.0315 0.04066666666666666
0 0.25225000000000003 0.06833333333333333 0.0335 0.03933333333333333
0 0.30875 0.06633333333333333 0.0315 0.03933333333333333
0 0.36625 0.06633333333333333 0.0315 0.038
0 0.033 0.4343333333333333 0.033 0.04466666666666667
0 0.03375 0.48966666666666664 0.0345 0.04466666666666667
0 0.08875 0.43266666666666664 0.0345 0.042666666666666665
0 0.09175 0.488 0.0325 0.04133333333333333
0 0.14725 0.432 0.0335 0.04133333333333333
0 0.1485 0.487 0.034 0.04066666666666666
0 0.20550000000000002 0.43166666666666664 0.031 0.041999999999999996
0 0.20725000000000002 0.48666666666666664 0.0345 0.04
0 0.262 0.43166666666666664 0.034 0.04066666666666666
0 0.26525 0.48566666666666664 0.0325 0.04066666666666666
0 0.32025 0.42933333333333334 0.0325 0.042666666666666665
0 0.324 0.48333333333333334 0.033 0.04133333333333333
0 0.37775000000000003 0.42866666666666664 0.0325 0.04
0 0.3815 0.485 0.033 0.041999999999999996
0 0.03875 0.876 0.0315 0.04666666666666666
0 0.099 0.875 0.031 0.043333333333333335
0 0.158 0.875 0.03 0.046
0 0.21675 0.8736666666666666 0.0335 0.04466666666666667
0 0.27675 0.873 0.0345 0.04466666666666667
0 0.3365 0.8726666666666666 0.033 0.044
0 0.39625 0.8716666666666666 0.0315 0.043333333333333335
0 0.43625 0.428 0.0315 0.04133333333333333
0 0.43925000000000003 0.48366666666666663 0.0325 0.041999999999999996
0 0.494 0.427 0.033 0.041999999999999996
0 0.497 0.483 0.034 0.041999999999999996
0 0.45575 0.87 0.0315 0.042666666666666665
0 0.51525 0.8696666666666666 0.0335 0.043333333333333335
0 0.4215 0.06633333333333333 0.031 0.03933333333333333
0 0.47875 0.06433333333333333 0.0305 0.041999999999999996
