0 0.266 0.003 0.029 0.004666666666666666
0 0.26625 0.059 0.0305 0.04066666666666666
0 0.26575 0.13466666666666666 0.0315 0.044
0 0.26775 0.21 0.0325 0.042666666666666665
0 0.26925 0.28733333333333333 0.0315 0.044
0 0.2705 0.36466666666666664 0.032 0.04133333333333333
0 0.27075 0.44266666666666665 0.0345 0.042666666666666665
0 0.27325 0.522 0.0325 0.04533333333333333
0 0.2745 0.6 0.035 0.044
0 0.27575 0.6833333333333333 0.0325 0.04533333333333333
0 0.535 0.06266666666666666 0.031 0.03866666666666667
0 0.532 0.004 0.029 0.008
0 0.57075 0.004 0.0275 0.006666666666666666
0 0.57525 0.06333333333333332 0.0305 0.04133333333333333
0 0.5377500000000001 0.13833333333333334 0.0315 0.03666666666666667
0 0.578 0.13799999999999998 0.028 0.03866666666666667
0 0.54125 0.214 0.029500000000000002 0.04
0 0.58075 0.215 0.0285 0.03933333333333333
0 0.5427500000000001 0.29166666666666663 0.0315 0.04466666666666667
0 0.58375 0.29233333333333333 0.0305 0.04066666666666666
0 0.547 0.369 0.033 0.041999999999999996
0 0.587 0.36966666666666664 0.033 0.03933333333333333
0 0.5495 0.4463333333333333 0.033 0.041999999999999996
0 0.59125 0.44766666666666666 0.0315 0.04066666666666666
0 0.55225 0.5273333333333333 0.0345 0.044
0 0.59225 0.5286666666666666 0.0335 0.042666666666666665
0 0.55525 0.6083333333333333 0.0325 0.04466666666666667
0 0.5962500000000001 0.606 0.0335 0.044
0 0.559 0.6893333333333334 0.032 0.044
0 0.6002500000000001 0.689 0.0335 0.043333333333333335
0 0.56025 0.7706666666666666 0.0335 0.042666666666666665
0 0.602 0.7703333333333333 0.033 0.046
0 0.56325 0.8533333333333333 0.035500000000000004 0.044
0 0.6042500000000001 0.8536666666666667 0.0335 0.04466666666666667
0 0.5655 0.9356666666666666 0.036000000000000004 0.046
0 0.60675 0.9343333333333333 0.0335 0.046
0 0.8885000000000001 0.9353333333333333 0.034 0.04666666666666666
0 0.88475 0.8496666666666667 0.0375 0.04466666666666667
0 0.88075 0.7673333333333333 0.035500000000000004 0.048
0 0.87675 0.6866666666666666 0.035500000000000004 0.044
0 0.87325 0.6076666666666667 0.0325 0.03933333333333333
0 0.86725 0.5276666666666666 0.0335 0.04066666666666666
0 0.8645 0.4483333333333333 0.029 0.043333333333333335
0 0.8595 0.37066666666666664 0.032 0.042666666666666665
0 0.855 0.29333333333333333 0.031 0.044
0 0.8512500000000001 0.21833333333333332 0.0305 0.038
0 0.8462500000000001 0.14233333333333334 0.0305 0.03933333333333333
0 0.843 0.06466666666666666 0.032 0.03733333333333333
0 0.838 0.006 0.029 0.013333333333333332
