0 0.400391 0.473958 0.022656 0.035417
0 0.394141 0.519271 0.022656 0.034375
0 0.390234 0.564583 0.021094 0.033333
0 0.384766 0.609896 0.022656 0.034375
0 0.379297 0.655729 0.022656 0.034375
0 0.374219 0.701042 0.020313 0.035417
0 0.369531 0.746875 0.020313 0.035417
0 0.363672 0.791667 0.022656 0.033333
0 0.358984 0.836979 0.022656 0.034375
0 0.680078 0.53125 0.019531 0.035417
0 0.674219 0.577083 0.021875 0.03125
0 0.669141 0.623437 0.021094 0.032292
0 0.6625 0.667188 0.021875 0.034375
0 0.657813 0.713542 0.021875 0.035417
0 0.651563 0.758333 0.021875 0.035417
0 0.645703 0.805208 0.019531 0.033333
0 0.641016 0.851042 0.021094 0.03125
0 0.635156 0.895312 0.020313 0.030208
