0 0.24375 0.371 0.0455 0.054
0 0.2005 0.42333333333333334 0.041 0.058666666666666666
0 0.0075 0.10866666666666666 0.014 0.04533333333333333
0 0.0345 0.059 0.038 0.05266666666666667
0 0.06125 0.09866666666666667 0.0415 0.05466666666666666
0 0.02025 0.14933333333333332 0.0415 0.05733333333333333
0 0.159 0.4766666666666666 0.043000000000000003 0.052
0 0.11325 0.5293333333333333 0.0395 0.05733333333333333
0 0.07175000000000001 0.5823333333333333 0.0395 0.057999999999999996
0 0.03125 0.6343333333333333 0.0395 0.05533333333333333
