0 0.10350000000000001 0.5996666666666667 0.04 0.05266666666666667
0 0.137 0.5713333333333334 0.04 0.05333333333333333
0 0.10825 0.5006666666666667 0.0415 0.05466666666666666
0 0.07275 0.5276666666666666 0.0405 0.054
0 0.044 0.45699999999999996 0.04 0.049999999999999996
0 0.07925 0.42966666666666664 0.0415 0.054
0 0.017750000000000002 0.3873333333333333 0.0365 0.056
0 0.0505 0.359 0.04 0.049999999999999996
0 0.023 0.288 0.043000000000000003 0.056
0 0.005 0.319 0.011 0.03
0 0.00725 0.21433333333333332 0.0155 0.051333333333333335
0 0.3835 0.387 0.044 0.054
0 0.3535 0.31866666666666665 0.039 0.050666666666666665
0 0.325 0.249 0.041 0.051333333333333335
0 0.29575 0.178 0.0405 0.052
0 0.26575 0.111 0.0385 0.046
0 0.23725000000000002 0.044 0.0365 0.052
