0 0.20225 0.29866666666666664 0.017 0.019333333333333334
0 0.23600000000000002 0.29933333333333334 0.0175 0.020666666666666667
0 0.2695 0.29866666666666664 0.018000000000000002 0.020666666666666667
0 0.30225 0.29866666666666664 0.0175 0.020666666666666667
0 0.336125 0.297 0.01675 0.02
0 0.36925 0.29733333333333334 0.016 0.021333333333333333
0 0.4035 0.29816666666666664 0.017 0.02033333333333333
0 0.436625 0.2965 0.01825 0.023666666666666666
0 0.47025 0.29683333333333334 0.017 0.022333333333333334
0 0.503875 0.29666666666666663 0.017750000000000002 0.022
0 0.5367500000000001 0.2965 0.019 0.020999999999999998
0 0.571375 0.29783333333333334 0.01675 0.022333333333333334
0 0.603625 0.29766666666666663 0.01875 0.022666666666666665
0 0.6375000000000001 0.298 0.0165 0.022
0 0.6707500000000001 0.2965 0.017 0.021666666666666667
0 0.7045 0.297 0.018000000000000002 0.022666666666666665
0 0.737625 0.29683333333333334 0.01825 0.020999999999999998
0 0.770875 0.29716666666666663 0.017750000000000002 0.02033333333333333
0 0.80425 0.29733333333333334 0.017 0.022666666666666665
0 0.83875 0.29783333333333334 0.0175 0.02033333333333333
0 0.19525 0.5096666666666666 0.0185 0.024666666666666667
0 0.1955 0.5413333333333333 0.017 0.024
0 0.18825 0.7641666666666667 0.0185 0.024999999999999998
0 0.230125 0.5105 0.01625 0.023
0 0.2295 0.542 0.0175 0.022666666666666665
0 0.224 0.7645 0.016 0.025666666666666667
0 0.264375 0.5083333333333333 0.01675 0.02333333333333333
0 0.2635 0.5413333333333333 0.0175 0.024
0 0.29825 0.5096666666666666 0.017 0.022
0 0.29775 0.5416666666666666 0.017 0.024666666666666667
0 0.33175 0.51 0.017 0.022666666666666665
0 0.332 0.5413333333333333 0.0175 0.021333333333333333
0 0.25875 0.7641666666666667 0.0195 0.024999999999999998
0 0.2935 0.7648333333333333 0.018000000000000002 0.026333333333333334
0 0.3285 0.7638333333333333 0.02 0.025666666666666667
0 0.36612500000000003 0.509 0.01675 0.022666666666666665
0 0.36612500000000003 0.5403333333333333 0.01925 0.022
0 0.36375 0.764 0.0185 0.025333333333333333
0 0.4005 0.5086666666666666 0.018000000000000002 0.022
0 0.4 0.5411666666666667 0.017 0.021666666666666667
0 0.435 0.5093333333333333 0.017 0.02333333333333333
0 0.435 0.5411666666666667 0.015 0.021666666666666667
0 0.39875 0.764 0.0165 0.022666666666666665
0 0.46950000000000003 0.5083333333333333 0.018000000000000002 0.022666666666666665
0 0.46925 0.5413333333333333 0.0195 0.024
0 0.504 0.51 0.017 0.02333333333333333
0 0.5385 0.509 0.0175 0.024
0 0.5735 0.51 0.0175 0.022
0 0.6072500000000001 0.5086666666666666 0.019 0.022
0 0.6411250000000001 0.5083333333333333 0.01925 0.022666666666666665
0 0.675 0.5083333333333333 0.017 0.024
0 0.70875 0.5086666666666666 0.0175 0.024666666666666667
0 0.434 0.7633333333333333 0.018000000000000002 0.024
0 0.4685 0.765 0.018000000000000002 0.02333333333333333
0 0.504375 0.764 0.01925 0.024
0 0.539125 0.764 0.01875 0.022666666666666665
0 0.574625 0.763 0.017750000000000002 0.024666666666666667
0 0.60925 0.7626666666666666 0.019 0.024
0 0.64425 0.7626666666666666 0.018000000000000002 0.025333333333333333
0 0.679 0.7626666666666666 0.0195 0.025333333333333333
0 0.5045000000000001 0.5403333333333333 0.017 0.026
0 0.53825 0.5411666666666667 0.0175 0.023
0 0.572625 0.5413333333333333 0.01875 0.024
0 0.6072500000000001 0.5403333333333333 0.017 0.022
0 0.6415 0.5393333333333333 0.0185 0.025333333333333333
0 0.67575 0.5393333333333333 0.019 0.022666666666666665
0 0.7095 0.5396666666666666 0.018000000000000002 0.022
0 0.74325 0.5076666666666666 0.0175 0.024
0 0.777 0.5078333333333334 0.017 0.02033333333333333
0 0.8115 0.5078333333333334 0.0175 0.02033333333333333
0 0.8462500000000001 0.5075 0.019 0.020999999999999998
0 0.7448750000000001 0.54 0.01725 0.021333333333333333
0 0.778 0.5393333333333333 0.019 0.022666666666666665
0 0.81225 0.5386666666666666 0.0185 0.021333333333333333
0 0.8466250000000001 0.539 0.01875 0.02333333333333333
0 0.714125 0.762 0.021750000000000002 0.026666666666666665
0 0.749375 0.7623333333333333 0.01925 0.024666666666666667
0 0.785125 0.7633333333333333 0.01875 0.021333333333333333
0 0.81975 0.7616666666666666 0.019 0.02333333333333333
0 0.8552500000000001 0.761 0.018000000000000002 0.026
