0 0.36666666666666664 0.13525 0.032 0.019
0 0.39716666666666667 0.15787500000000002 0.028999999999999998 0.02075
0 0.43016666666666664 0.18 0.027 0.02
0 0.4618333333333333 0.202 0.027666666666666666 0.02
0 0.4933333333333333 0.222 0.026666666666666665 0.021
0 0.5235 0.24375 0.030333333333333334 0.019
0 0.5545 0.264625 0.029666666666666664 0.02075
0 0.586 0.28500000000000003 0.02733333333333333 0.018000000000000002
0 0.6168333333333333 0.30675 0.028333333333333332 0.02
0 0.6468333333333333 0.326875 0.027666666666666666 0.02125
0 0.6766666666666666 0.34775 0.02733333333333333 0.0205
0 0.7066666666666667 0.36725 0.026666666666666665 0.019
0 0.736 0.387875 0.024666666666666667 0.02125
0 0.7663333333333333 0.40825 0.026 0.0195
0 0.7943333333333333 0.427375 0.025333333333333333 0.01875
0 0.8233333333333333 0.44725000000000004 0.025333333333333333 0.0185
0 0.8533333333333333 0.46725 0.026 0.0185
0 0.8831666666666667 0.48712500000000003 0.027666666666666666 0.017750000000000002
0 0.9116666666666666 0.50625 0.025333333333333333 0.0195
0 0.9411666666666666 0.5255 0.024333333333333332 0.019
0 0.823 0.634125 0.024666666666666667 0.02125
0 0.8055 0.65125 0.024999999999999998 0.021500000000000002
0 0.7933333333333333 0.614125 0.026 0.01875
0 0.763 0.594625 0.028 0.02025
0 0.7454999999999999 0.612 0.028999999999999998 0.018000000000000002
0 0.7756666666666666 0.63125 0.024 0.0185
0 0.7344999999999999 0.57475 0.028999999999999998 0.02
0 0.717 0.592 0.028 0.02
0 0.7038333333333333 0.556 0.030333333333333334 0.022
0 0.6868333333333333 0.57125 0.030333333333333334 0.02
0 0.6558333333333333 0.552625 0.029666666666666664 0.021750000000000002
0 0.6746666666666666 0.5345 0.025333333333333333 0.018000000000000002
0 0.6436666666666666 0.5161250000000001 0.028666666666666667 0.02025
0 0.6251666666666666 0.5325 0.030333333333333334 0.0195
0 0.6131666666666666 0.496 0.027666666666666666 0.018000000000000002
0 0.595 0.512875 0.03 0.02125
0 0.5818333333333333 0.47650000000000003 0.027666666666666666 0.018000000000000002
0 0.564 0.49312500000000004 0.03333333333333333 0.02125
0 0.5515 0.455 0.028999999999999998 0.0205
0 0.5325 0.472375 0.033 0.02075
0 0.5195 0.435875 0.03166666666666666 0.02225
0 0.5026666666666666 0.45225 0.028 0.0195
0 0.4701666666666667 0.430875 0.029666666666666664 0.021750000000000002
0 0.48883333333333334 0.414625 0.028999999999999998 0.02125
0 0.45849999999999996 0.3945 0.029666666666666664 0.021
0 0.43916666666666665 0.410375 0.028333333333333332 0.01975
0 0.4265 0.373875 0.029666666666666664 0.02025
0 0.40599999999999997 0.39 0.029333333333333333 0.02
0 0.39466666666666667 0.352375 0.03 0.01975
0 0.3763333333333333 0.369 0.028666666666666667 0.0195
0 0.36383333333333334 0.33225 0.030333333333333334 0.0205
0 0.331 0.31025 0.032 0.019
0 0.31166666666666665 0.32725 0.03333333333333333 0.0205
0 0.29833333333333334 0.288625 0.032 0.01975
0 0.27899999999999997 0.305625 0.030666666666666665 0.02025
0 0.2668333333333333 0.268 0.028999999999999998 0.022
0 0.24716666666666665 0.283375 0.029666666666666664 0.02025
0 0.23216666666666666 0.245625 0.030333333333333334 0.02075
0 0.2125 0.261875 0.029666666666666664 0.02075
0 0.07366666666666666 0.3755 0.030666666666666665 0.0205
0 0.10616666666666666 0.39737500000000003 0.028999999999999998 0.02275
0 0.14016666666666666 0.418875 0.029666666666666664 0.02225
0 0.17466666666666666 0.440625 0.032 0.02025
0 0.2085 0.461 0.028999999999999998 0.0205
0 0.24116666666666667 0.481125 0.028999999999999998 0.021750000000000002
0 0.27249999999999996 0.502625 0.030333333333333334 0.02125
0 0.3065 0.524375 0.028999999999999998 0.02125
0 0.33899999999999997 0.54425 0.028666666666666667 0.0205
0 0.37016666666666664 0.565375 0.028999999999999998 0.021750000000000002
0 0.4023333333333333 0.585 0.02733333333333333 0.0205
0 0.435 0.6045 0.028 0.02
0 0.46649999999999997 0.625625 0.028999999999999998 0.02025
0 0.49766666666666665 0.645375 0.026666666666666665 0.02075
0 0.529 0.665 0.026 0.021500000000000002
0 0.5591666666666667 0.685125 0.028333333333333332 0.02075
0 0.5918333333333333 0.7046250000000001 0.028333333333333332 0.02075
0 0.6221666666666666 0.724375 0.028999999999999998 0.02125
0 0.6528333333333333 0.744125 0.028333333333333332 0.02075
0 0.6836666666666666 0.764375 0.026 0.02075
