0 0.2045 0.168125 0.024333333333333332 0.01675
0 0.20433333333333334 0.2025 0.026 0.0195
0 0.20433333333333334 0.236875 0.026 0.01725
0 0.2058333333333333 0.2715 0.024333333333333332 0.0185
0 0.20516666666666666 0.304625 0.024333333333333332 0.01625
0 0.20516666666666666 0.338625 0.025666666666666667 0.01825
0 0.2055 0.372125 0.024999999999999998 0.01725
0 0.2058333333333333 0.40725 0.024333333333333332 0.0185
0 0.2055 0.441 0.024999999999999998 0.015
0 0.20616666666666666 0.475125 0.024999999999999998 0.017750000000000002
0 0.20616666666666666 0.509125 0.024999999999999998 0.017750000000000002
0 0.206 0.543375 0.02733333333333333 0.01675
0 0.2065 0.57725 0.024333333333333332 0.017
0 0.20616666666666666 0.6105 0.024999999999999998 0.0175
0 0.2065 0.645375 0.030333333333333334 0.017750000000000002
0 0.2065 0.6805 0.028999999999999998 0.018000000000000002
0 0.2065 0.714125 0.024333333333333332 0.01675
0 0.2063333333333333 0.7495 0.026666666666666665 0.0175
0 0.206 0.782375 0.026 0.01625
0 0.2063333333333333 0.817875 0.025333333333333333 0.017750000000000002
0 0.42216666666666663 0.173125 0.023 0.01825
0 0.45199999999999996 0.174125 0.025333333333333333 0.01725
0 0.42166666666666663 0.206875 0.025333333333333333 0.017750000000000002
0 0.45216666666666666 0.207125 0.020999999999999998 0.01725
0 0.42283333333333334 0.24025 0.021666666666666667 0.0185
0 0.45499999999999996 0.24175 0.025333333333333333 0.0185
0 0.4235 0.2745 0.023 0.0175
0 0.45499999999999996 0.273875 0.024 0.01725
0 0.42316666666666664 0.307625 0.022333333333333334 0.01675
0 0.45449999999999996 0.307 0.024333333333333332 0.018000000000000002
0 0.4235 0.341125 0.024333333333333332 0.01675
0 0.45349999999999996 0.341125 0.023666666666666666 0.01675
0 0.4225 0.374375 0.023666666666666666 0.01525
0 0.45499999999999996 0.374125 0.024 0.01575
0 0.424 0.408125 0.025333333333333333 0.01625
0 0.45516666666666666 0.407875 0.021666666666666667 0.01675
0 0.42283333333333334 0.44175000000000003 0.021666666666666667 0.016
0 0.4543333333333333 0.440625 0.025333333333333333 0.01825
0 0.42466666666666664 0.474875 0.024 0.01725
0 0.4548333333333333 0.47450000000000003 0.023666666666666666 0.0165
0 0.424 0.508375 0.025333333333333333 0.01525
0 0.45666666666666667 0.507875 0.024666666666666667 0.01625
0 0.425 0.541625 0.02333333333333333 0.017750000000000002
0 0.45599999999999996 0.541625 0.02333333333333333 0.01675
0 0.42433333333333334 0.575375 0.024666666666666667 0.01575
0 0.45599999999999996 0.574625 0.026 0.01625
0 0.42383333333333334 0.60975 0.023666666666666666 0.0165
0 0.4558333333333333 0.608625 0.022333333333333334 0.01525
0 0.42416666666666664 0.6431250000000001 0.021666666666666667 0.01675
0 0.45616666666666666 0.64225 0.023 0.015
0 0.42483333333333334 0.676 0.022333333333333334 0.0155
0 0.45549999999999996 0.6753750000000001 0.022333333333333334 0.017750000000000002
0 0.425 0.710125 0.02333333333333333 0.01675
0 0.45599999999999996 0.7086250000000001 0.02333333333333333 0.01625
0 0.42466666666666664 0.7428750000000001 0.022666666666666665 0.01625
0 0.4563333333333333 0.742125 0.024 0.01625
0 0.4255 0.7771250000000001 0.022333333333333334 0.01675
0 0.45616666666666666 0.77575 0.021666666666666667 0.016
0 0.42516666666666664 0.81125 0.021666666666666667 0.0145
0 0.4563333333333333 0.809875 0.020666666666666667 0.01525
0 0.6615 0.178625 0.020999999999999998 0.01725
0 0.6618333333333333 0.212625 0.021666666666666667 0.01725
0 0.6611666666666667 0.245375 0.023 0.01675
0 0.6616666666666666 0.278125 0.02333333333333333 0.01625
0 0.6631666666666667 0.311125 0.021666666666666667 0.01525
0 0.6621666666666667 0.343375 0.020999999999999998 0.01675
0 0.6621666666666667 0.376875 0.023666666666666666 0.01675
0 0.6629999999999999 0.40925 0.018666666666666665 0.0155
0 0.6635 0.443 0.020999999999999998 0.0185
0 0.6631666666666667 0.474625 0.024333333333333332 0.01575
0 0.6648333333333333 0.506875 0.022333333333333334 0.01725
0 0.662 0.540375 0.020666666666666667 0.01725
0 0.6645 0.5725 0.019 0.0135
0 0.6625 0.606125 0.02033333333333333 0.014750000000000001
0 0.6631666666666667 0.6385000000000001 0.023 0.0145
0 0.6645 0.67275 0.021666666666666667 0.014
0 0.6641666666666667 0.70475 0.022333333333333334 0.015
0 0.6641666666666667 0.73825 0.022333333333333334 0.016
0 0.6635 0.770875 0.020999999999999998 0.014750000000000001
0 0.6645 0.803875 0.021666666666666667 0.01675
