0 0.290625 0.28932291666666665 0.025694444444444447 0.018229166666666668
0 0.9177083333333333 0.58046875 0.02847222222222222 0.0203125
0 0.8815972222222223 0.56328125 0.02847222222222222 0.0203125
0 0.8475694444444445 0.5463541666666667 0.027083333333333334 0.020833333333333332
0 0.8118055555555556 0.53046875 0.02638888888888889 0.021354166666666667
0 0.7774305555555556 0.5140625 0.024305555555555556 0.017708333333333333
0 0.7434027777777779 0.4984375 0.02847222222222222 0.01875
0 0.7090277777777778 0.4825520833333333 0.029166666666666667 0.0203125
0 0.6753472222222222 0.4666666666666667 0.027083333333333334 0.01875
0 0.6413194444444444 0.4513020833333333 0.027083333333333334 0.019270833333333334
0 0.6086805555555556 0.4354166666666667 0.025694444444444447 0.01875
0 0.5756944444444445 0.42109375 0.02638888888888889 0.018229166666666668
0 0.5430555555555556 0.40520833333333334 0.02638888888888889 0.01875
0 0.509375 0.39036458333333335 0.027083333333333334 0.018229166666666668
0 0.4774305555555556 0.375 0.02291666666666667 0.017708333333333333
0 0.4461805555555556 0.36041666666666666 0.024305555555555556 0.019791666666666666
0 0.4149305555555556 0.3463541666666667 0.025694444444444447 0.017708333333333333
0 0.3819444444444445 0.33151041666666664 0.02777777777777778 0.0171875
0 0.3513888888888889 0.31796875 0.029166666666666667 0.019270833333333334
0 0.3211805555555556 0.3028645833333333 0.024305555555555556 0.0203125
0 0.8173611111111111 0.7044270833333334 0.030555555555555558 0.0203125
0 0.8034722222222223 0.7229166666666667 0.03194444444444445 0.021875
0 0.7819444444444444 0.6885416666666666 0.030555555555555558 0.020833333333333332
0 0.7673611111111112 0.7052083333333333 0.02777777777777778 0.021875
0 0.7472222222222222 0.6697916666666667 0.029166666666666667 0.019791666666666666
0 0.7305555555555556 0.6888020833333334 0.029166666666666667 0.0203125
0 0.7107638888888889 0.65234375 0.02847222222222222 0.018229166666666668
0 0.6954861111111111 0.6705729166666666 0.027083333333333334 0.019270833333333334
0 0.6763888888888889 0.63515625 0.02638888888888889 0.019270833333333334
0 0.6413194444444444 0.61953125 0.027083333333333334 0.019270833333333334
0 0.6079861111111111 0.6013020833333333 0.027083333333333334 0.0203125
0 0.6618055555555555 0.6526041666666667 0.02777777777777778 0.01875
0 0.6284722222222222 0.6361979166666667 0.029166666666666667 0.0203125
0 0.5940972222222223 0.6197916666666666 0.02847222222222222 0.020833333333333332
0 0.5597222222222222 0.6026041666666666 0.02777777777777778 0.021875
0 0.5750000000000001 0.5854166666666667 0.02638888888888889 0.021875
0 0.5395833333333333 0.5697916666666667 0.030555555555555558 0.019791666666666666
0 0.525 0.58671875 0.029166666666666667 0.0203125
0 0.5059027777777778 0.5528645833333333 0.02847222222222222 0.021354166666666667
0 0.47361111111111115 0.53671875 0.030555555555555558 0.018229166666666668
0 0.45763888888888893 0.5536458333333333 0.02777777777777778 0.019791666666666666
0 0.4913194444444445 0.5716145833333334 0.027083333333333334 0.021354166666666667
0 0.4416666666666667 0.5213541666666667 0.02777777777777778 0.021875
0 0.42708333333333337 0.5377604166666666 0.02777777777777778 0.0171875
0 0.4079861111111111 0.5059895833333333 0.027083333333333334 0.0203125
0 0.3944444444444445 0.5229166666666667 0.02638888888888889 0.019791666666666666
0 0.3763888888888889 0.4895833333333333 0.02638888888888889 0.01875
0 0.36041666666666666 0.5065104166666666 0.02777777777777778 0.018229166666666668
0 0.34444444444444444 0.4744791666666667 0.02777777777777778 0.01875
0 0.32881944444444444 0.4908854166666667 0.02847222222222222 0.019270833333333334
0 0.3121527777777778 0.4588541666666667 0.029861111111111113 0.01875
0 0.2986111111111111 0.47604166666666664 0.025 0.019791666666666666
0 0.2798611111111111 0.44427083333333334 0.02638888888888889 0.01875
0 0.24965277777777778 0.4283854166666667 0.025694444444444447 0.018229166666666668
0 0.23506944444444444 0.4453125 0.027083333333333334 0.019791666666666666
0 0.2652777777777778 0.4591145833333333 0.02638888888888889 0.021354166666666667
0 0.21840277777777778 0.41380208333333335 0.025694444444444447 0.019270833333333334
0 0.18784722222222222 0.39791666666666664 0.02847222222222222 0.017708333333333333
0 0.1736111111111111 0.41432291666666665 0.030555555555555558 0.018229166666666668
0 0.203125 0.4296875 0.027083333333333334 0.020833333333333332
0 0.6972222222222223 0.8518229166666667 0.029166666666666667 0.022395833333333334
0 0.6625 0.8328125 0.02777777777777778 0.022916666666666665
0 0.6263888888888889 0.8145833333333333 0.030555555555555558 0.021875
0 0.5899305555555556 0.7958333333333333 0.02847222222222222 0.021875
0 0.5572916666666667 0.778125 0.027083333333333334 0.020833333333333332
0 0.521875 0.7611979166666667 0.02847222222222222 0.022395833333333334
0 0.48750000000000004 0.7434895833333334 0.030555555555555558 0.019270833333333334
0 0.45243055555555556 0.7252604166666666 0.029861111111111113 0.021354166666666667
0 0.4197916666666667 0.7083333333333334 0.02847222222222222 0.020833333333333332
0 0.3861111111111111 0.6908854166666667 0.03194444444444445 0.021354166666666667
0 0.3527777777777778 0.675 0.030555555555555558 0.020833333333333332
0 0.3211805555555556 0.6567708333333333 0.027083333333333334 0.020833333333333332
0 0.28750000000000003 0.6395833333333333 0.02777777777777778 0.020833333333333332
0 0.25625000000000003 0.62421875 0.029166666666666667 0.021354166666666667
0 0.22395833333333334 0.6072916666666667 0.02847222222222222 0.019791666666666666
0 0.19131944444444446 0.5919270833333333 0.029861111111111113 0.0203125
0 0.16111111111111112 0.575 0.029166666666666667 0.020833333333333332
0 0.12916666666666668 0.5596354166666666 0.02777777777777778 0.021354166666666667
0 0.09965277777777778 0.54375 0.029861111111111113 0.020833333333333332
0 0.06840277777777778 0.5278645833333333 0.02847222222222222 0.019270833333333334
