0 0.7000000000000001 0.146875 0.025 0.02395833333333333
0 0.6628472222222223 0.16666666666666666 0.029861111111111113 0.022916666666666665
0 0.6256944444444444 0.18463541666666666 0.029166666666666667 0.022395833333333334
0 0.5923611111111111 0.20286458333333332 0.02638888888888889 0.022395833333333334
0 0.55625 0.21979166666666666 0.029166666666666667 0.01875
0 0.5225694444444444 0.23880208333333333 0.02847222222222222 0.021354166666666667
0 0.48784722222222227 0.2565104166666667 0.029861111111111113 0.0234375
0 0.45381944444444444 0.271875 0.03125 0.022916666666666665
0 0.4197916666666667 0.29140625 0.02847222222222222 0.019270833333333334
0 0.3871527777777778 0.3072916666666667 0.02847222222222222 0.021875
0 0.35347222222222224 0.325 0.029166666666666667 0.01875
0 0.32048611111111114 0.34270833333333334 0.02847222222222222 0.01875
0 0.2888888888888889 0.3575520833333333 0.029166666666666667 0.0203125
0 0.25625000000000003 0.37526041666666665 0.030555555555555558 0.018229166666666668
0 0.225 0.3911458333333333 0.029166666666666667 0.019791666666666666
0 0.19270833333333334 0.40859375 0.02847222222222222 0.018229166666666668
0 0.16111111111111112 0.4236979166666667 0.02638888888888889 0.018229166666666668
0 0.13159722222222223 0.43984375 0.025694444444444447 0.0203125
0 0.1 0.4557291666666667 0.02777777777777778 0.020833333333333332
0 0.06944444444444445 0.471875 0.029166666666666667 0.021875
0 0.8173611111111111 0.29661458333333335 0.025 0.0234375
0 0.804513888888889 0.27682291666666664 0.027083333333333334 0.0234375
0 0.7677083333333333 0.29453125 0.027083333333333334 0.0234375
0 0.7798611111111111 0.3138020833333333 0.02638888888888889 0.024479166666666666
0 0.7458333333333333 0.3296875 0.02638888888888889 0.022916666666666665
0 0.7340277777777778 0.3111979166666667 0.02777777777777778 0.022395833333333334
0 0.6975694444444445 0.32786458333333335 0.027083333333333334 0.0234375
0 0.7104166666666667 0.34739583333333335 0.029166666666666667 0.020833333333333332
0 0.675 0.3645833333333333 0.02638888888888889 0.021875
0 0.6631944444444444 0.3450520833333333 0.02777777777777778 0.022395833333333334
0 0.6274305555555556 0.36171875 0.024305555555555556 0.0234375
0 0.6402777777777778 0.3802083333333333 0.029166666666666667 0.022916666666666665
0 0.6055555555555556 0.39739583333333334 0.022222222222222223 0.021875
0 0.5947916666666667 0.37864583333333335 0.027083333333333334 0.02395833333333333
0 0.5597222222222222 0.39557291666666666 0.02638888888888889 0.021354166666666667
0 0.5260416666666667 0.4114583333333333 0.025694444444444447 0.020833333333333332
0 0.4916666666666667 0.4283854166666667 0.02638888888888889 0.0203125
0 0.4590277777777778 0.44453125 0.02638888888888889 0.019270833333333334
0 0.571875 0.4140625 0.02291666666666667 0.020833333333333332
0 0.5385416666666667 0.42942708333333335 0.024305555555555556 0.022395833333333334
0 0.5052083333333334 0.4458333333333333 0.02291666666666667 0.01875
0 0.47118055555555555 0.46197916666666666 0.024305555555555556 0.021875
0 0.4256944444444445 0.4609375 0.025 0.01875
0 0.4395833333333333 0.4786458333333333 0.025 0.019791666666666666
0 0.4079861111111111 0.49374999999999997 0.024305555555555556 0.019791666666666666
0 0.3753472222222222 0.5096354166666667 0.025694444444444447 0.018229166666666668
0 0.34305555555555556 0.525 0.02777777777777778 0.01875
0 0.3107638888888889 0.5403645833333334 0.025694444444444447 0.018229166666666668
0 0.2809027777777778 0.5559895833333334 0.025694444444444447 0.018229166666666668
0 0.2503472222222222 0.5708333333333333 0.02847222222222222 0.01875
0 0.21770833333333334 0.5859375 0.025694444444444447 0.019791666666666666
0 0.18645833333333334 0.6010416666666667 0.027083333333333334 0.020833333333333332
0 0.39340277777777777 0.47630208333333335 0.02847222222222222 0.018229166666666668
0 0.33090277777777777 0.5088541666666666 0.027083333333333334 0.019791666666666666
0 0.29756944444444444 0.5247395833333334 0.029861111111111113 0.022395833333333334
0 0.2652777777777778 0.5390625 0.029166666666666667 0.01875
0 0.23402777777777778 0.5544270833333333 0.029166666666666667 0.019270833333333334
0 0.20486111111111113 0.5692708333333333 0.02777777777777778 0.019791666666666666
0 0.17326388888888888 0.584375 0.029861111111111113 0.01875
0 0.9184027777777778 0.41953124999999997 0.02847222222222222 0.019270833333333334
0 0.8822916666666667 0.43645833333333334 0.029861111111111113 0.019791666666666666
0 0.8465277777777778 0.45286458333333335 0.02638888888888889 0.019270833333333334
0 0.8138888888888889 0.4692708333333333 0.029166666666666667 0.019791666666666666
0 0.7774305555555556 0.48515625 0.02847222222222222 0.018229166666666668
0 0.7434027777777779 0.5018229166666667 0.027083333333333334 0.0203125
0 0.7104166666666667 0.5169270833333334 0.025 0.0203125
0 0.6760416666666667 0.5322916666666666 0.027083333333333334 0.01875
0 0.6430555555555556 0.5484375 0.025 0.019791666666666666
0 0.6097222222222223 0.5638020833333334 0.02361111111111111 0.018229166666666668
0 0.5767361111111111 0.5776041666666667 0.024305555555555556 0.01875
0 0.5437500000000001 0.5927083333333333 0.02638888888888889 0.017708333333333333
0 0.5107638888888889 0.60859375 0.025694444444444447 0.01614583333333333
0 0.47881944444444446 0.6234375 0.025694444444444447 0.01875
0 0.4461805555555556 0.6385416666666667 0.027083333333333334 0.017708333333333333
0 0.415625 0.653125 0.024305555555555556 0.01875
0 0.3822916666666667 0.6674479166666667 0.02291666666666667 0.018229166666666668
0 0.35173611111111114 0.6822916666666666 0.025694444444444447 0.016666666666666666
0 0.32083333333333336 0.6963541666666666 0.02361111111111111 0.015625
0 0.290625 0.7114583333333333 0.025694444444444447 0.017708333333333333
0 0.36041666666666666 0.4927083333333333 0.029166666666666667 0.019791666666666666
