0 0.30104166666666665 0.14739583333333334 0.029861111111111113 0.01875
0 0.9298611111111111 0.4708333333333333 0.02638888888888889 0.01875
0 0.9 0.4552083333333333 0.025 0.01875
0 0.8690972222222223 0.43984375 0.025694444444444447 0.0203125
0 0.8385416666666667 0.4236979166666667 0.027083333333333334 0.021354166666666667
0 0.80625 0.40859375 0.029166666666666667 0.019270833333333334
0 0.775 0.39088541666666665 0.02638888888888889 0.018229166666666668
0 0.7423611111111111 0.37604166666666666 0.030555555555555558 0.020833333333333332
0 0.7107638888888889 0.35963541666666665 0.03125 0.0203125
0 0.6788194444444444 0.3416666666666667 0.03125 0.019791666666666666
0 0.6451388888888889 0.32447916666666665 0.030555555555555558 0.019791666666666666
0 0.6121527777777778 0.30703125 0.027083333333333334 0.0203125
0 0.5798611111111112 0.2911458333333333 0.02777777777777778 0.020833333333333332
0 0.5465277777777778 0.27317708333333335 0.02638888888888889 0.0203125
0 0.5125000000000001 0.25703125 0.030555555555555558 0.021354166666666667
0 0.4774305555555556 0.2375 0.027083333333333334 0.01875
0 0.44270833333333337 0.22109375 0.02847222222222222 0.0203125
0 0.4076388888888889 0.203125 0.030555555555555558 0.019791666666666666
0 0.37222222222222223 0.18515625 0.02777777777777778 0.021354166666666667
0 0.3368055555555556 0.16614583333333333 0.02777777777777778 0.020833333333333332
0 0.19618055555555555 0.275 0.027083333333333334 0.019791666666666666
0 0.18125 0.2950520833333333 0.02777777777777778 0.021354166666666667
0 0.23298611111111112 0.29453125 0.03125 0.021354166666666667
0 0.21736111111111112 0.31223958333333335 0.03194444444444445 0.021354166666666667
0 0.2673611111111111 0.31015625 0.02638888888888889 0.0203125
0 0.2520833333333333 0.3294270833333333 0.02777777777777778 0.021354166666666667
0 0.3024305555555556 0.32760416666666664 0.025694444444444447 0.020833333333333332
0 0.28750000000000003 0.34713541666666664 0.02777777777777778 0.019270833333333334
0 0.8260416666666667 0.5848958333333333 0.025694444444444447 0.019791666666666666
0 0.8104166666666667 0.6002604166666666 0.025 0.018229166666666668
0 0.7954861111111111 0.5697916666666667 0.024305555555555556 0.019791666666666666
0 0.7802083333333334 0.5859375 0.024305555555555556 0.016666666666666666
0 0.7642361111111111 0.5541666666666667 0.027083333333333334 0.017708333333333333
0 0.7493055555555556 0.57109375 0.02361111111111111 0.0171875
0 0.7097222222222223 0.7098958333333333 0.022222222222222223 0.017708333333333333
0 0.7333333333333334 0.5393229166666667 0.025 0.0203125
0 0.71875 0.5557291666666666 0.025 0.019791666666666666
0 0.701388888888889 0.5236979166666667 0.02361111111111111 0.018229166666666668
0 0.6868055555555556 0.5408854166666667 0.02361111111111111 0.018229166666666668
0 0.6704861111111111 0.5080729166666667 0.025694444444444447 0.018229166666666668
0 0.65625 0.5255208333333333 0.02361111111111111 0.017708333333333333
0 0.6381944444444445 0.4927083333333333 0.02638888888888889 0.017708333333333333
0 0.6229166666666667 0.5096354166666667 0.02638888888888889 0.0171875
0 0.6052083333333333 0.47682291666666665 0.025694444444444447 0.0171875
0 0.5906250000000001 0.49453125 0.025694444444444447 0.018229166666666668
0 0.5732638888888889 0.4609375 0.027083333333333334 0.017708333333333333
0 0.5590277777777778 0.4783854166666667 0.02638888888888889 0.018229166666666668
0 0.5399305555555556 0.4453125 0.025694444444444447 0.017708333333333333
0 0.525 0.46197916666666666 0.02638888888888889 0.017708333333333333
0 0.5076388888888889 0.428125 0.025 0.01875
0 0.4930555555555556 0.44557291666666665 0.02638888888888889 0.019270833333333334
0 0.4743055555555556 0.4122395833333333 0.02638888888888889 0.019270833333333334
0 0.45937500000000003 0.42890625 0.025694444444444447 0.019270833333333334
0 0.44062500000000004 0.3963541666666667 0.025694444444444447 0.01875
0 0.4079861111111111 0.378125 0.025694444444444447 0.020833333333333332
0 0.39131944444444444 0.39791666666666664 0.025694444444444447 0.019791666666666666
0 0.37256944444444445 0.36223958333333334 0.024305555555555556 0.019270833333333334
0 0.3579861111111111 0.38046875 0.024305555555555556 0.0203125
0 0.33819444444444446 0.3450520833333333 0.029166666666666667 0.019270833333333334
0 0.3236111111111111 0.3638020833333333 0.02777777777777778 0.019270833333333334
0 0.4239583333333333 0.41354166666666664 0.025694444444444447 0.01875
0 0.6774305555555555 0.696875 0.024305555555555556 0.01875
0 0.6461805555555555 0.6822916666666666 0.027083333333333334 0.01875
0 0.6163194444444444 0.6677083333333333 0.025694444444444447 0.017708333333333333
0 0.584375 0.6528645833333333 0.027083333333333334 0.019270833333333334
0 0.5538194444444444 0.6388020833333333 0.024305555555555556 0.018229166666666668
0 0.5211805555555555 0.6239583333333333 0.024305555555555556 0.01875
0 0.48888888888888893 0.6091145833333333 0.02638888888888889 0.019270833333333334
0 0.45625000000000004 0.5932291666666667 0.02777777777777778 0.01875
0 0.42465277777777777 0.5783854166666667 0.024305555555555556 0.019270833333333334
0 0.39131944444444444 0.5630208333333333 0.025694444444444447 0.020833333333333332
0 0.3576388888888889 0.54765625 0.025 0.018229166666666668
0 0.32430555555555557 0.5325520833333334 0.02777777777777778 0.019270833333333334
0 0.2902777777777778 0.5169270833333334 0.02638888888888889 0.0203125
0 0.2559027777777778 0.5015625 0.02847222222222222 0.019791666666666666
0 0.22256944444444446 0.4848958333333333 0.027083333333333334 0.01875
0 0.18715277777777778 0.4700520833333333 0.02847222222222222 0.021354166666666667
0 0.15104166666666669 0.45338541666666665 0.02847222222222222 0.019270833333333334
0 0.115625 0.43645833333333334 0.027083333333333334 0.022916666666666665
0 0.08125 0.4197916666666667 0.030555555555555558 0.019791666666666666
