0 0.5809895833333333 0.07986111111111112 0.021354166666666667 0.02361111111111111
0 0.56328125 0.11701388888888889 0.022395833333333334 0.027083333333333334
0 0.546875 0.15208333333333335 0.022916666666666665 0.025
0 0.5309895833333333 0.18715277777777778 0.021354166666666667 0.027083333333333334
0 0.51484375 0.22222222222222224 0.019270833333333334 0.025
0 0.4984375 0.25659722222222225 0.019791666666666666 0.024305555555555556
0 0.48203124999999997 0.28958333333333336 0.0203125 0.022222222222222223
0 0.4669270833333333 0.3246527777777778 0.021354166666666667 0.025694444444444447
0 0.4510416666666667 0.3572916666666667 0.01875 0.02291666666666667
0 0.43515624999999997 0.38993055555555556 0.018229166666666668 0.025694444444444447
0 0.4203125 0.42430555555555555 0.019791666666666666 0.02361111111111111
0 0.40572916666666664 0.4569444444444445 0.01875 0.025
0 0.39036458333333335 0.48958333333333337 0.018229166666666668 0.022222222222222223
0 0.37604166666666666 0.5204861111111111 0.019791666666666666 0.024305555555555556
0 0.3609375 0.5534722222222223 0.019791666666666666 0.02361111111111111
0 0.346875 0.5850694444444444 0.019791666666666666 0.024305555555555556
0 0.33177083333333335 0.6170138888888889 0.016666666666666666 0.025694444444444447
0 0.3177083333333333 0.646875 0.01875 0.025694444444444447
0 0.30364583333333334 0.6770833333333334 0.016666666666666666 0.022222222222222223
0 0.28932291666666665 0.7090277777777778 0.019270833333333334 0.02638888888888889
0 0.7236979166666666 0.19618055555555555 0.019270833333333334 0.024305555555555556
0 0.7049479166666667 0.1826388888888889 0.0203125 0.02638888888888889
0 0.68671875 0.21736111111111112 0.0203125 0.025
0 0.7049479166666667 0.23055555555555557 0.0203125 0.025
0 0.6888020833333334 0.2677083333333333 0.019270833333333334 0.027083333333333334
0 0.6703125 0.253125 0.021875 0.025694444444444447
0 0.65234375 0.28750000000000003 0.0171875 0.02361111111111111
0 0.6700520833333333 0.30069444444444443 0.0203125 0.02638888888888889
0 0.6348958333333333 0.3229166666666667 0.017708333333333333 0.02361111111111111
0 0.6184895833333334 0.35694444444444445 0.019270833333333334 0.02361111111111111
0 0.65390625 0.33645833333333336 0.021354166666666667 0.025694444444444447
0 0.6364583333333333 0.3697916666666667 0.020833333333333332 0.024305555555555556
0 0.6197916666666666 0.4076388888888889 0.020833333333333332 0.02638888888888889
0 0.6020833333333333 0.3909722222222222 0.019791666666666666 0.02638888888888889
0 0.6033854166666667 0.43993055555555555 0.0203125 0.025694444444444447
0 0.5872395833333334 0.47395833333333337 0.021354166666666667 0.024305555555555556
0 0.5690104166666666 0.45833333333333337 0.021354166666666667 0.025
0 0.5864583333333333 0.42465277777777777 0.020833333333333332 0.021527777777777778
0 0.5700520833333333 0.5079861111111111 0.021354166666666667 0.025694444444444447
0 0.5528645833333333 0.49236111111111114 0.019270833333333334 0.02777777777777778
0 0.5541666666666667 0.5399305555555556 0.021875 0.024305555555555556
0 0.5375 0.5715277777777777 0.019791666666666666 0.02361111111111111
0 0.5372395833333333 0.5253472222222222 0.022395833333333334 0.025694444444444447
0 0.5205729166666666 0.5590277777777778 0.021354166666666667 0.025
0 0.5049479166666666 0.5909722222222222 0.0203125 0.025
0 0.5229166666666667 0.6055555555555556 0.01875 0.02361111111111111
0 0.48932291666666666 0.6222222222222222 0.018229166666666668 0.025
0 0.4734375 0.6541666666666667 0.017708333333333333 0.02638888888888889
0 0.4575520833333333 0.685763888888889 0.021354166666666667 0.02013888888888889
0 0.44296874999999997 0.7163194444444445 0.018229166666666668 0.021527777777777778
0 0.42864583333333334 0.748263888888889 0.019791666666666666 0.024305555555555556
0 0.4127604166666667 0.7784722222222222 0.0203125 0.02361111111111111
0 0.3984375 0.8100694444444445 0.01875 0.024305555555555556
0 0.490625 0.6684027777777778 0.01875 0.024305555555555556
0 0.475 0.7000000000000001 0.019791666666666666 0.025
0 0.46015625 0.732638888888889 0.0203125 0.025
0 0.44505208333333335 0.7628472222222222 0.019270833333333334 0.025694444444444447
0 0.4302083333333333 0.7944444444444445 0.017708333333333333 0.02638888888888889
0 0.41484375 0.8250000000000001 0.019270833333333334 0.029166666666666667
0 0.8518229166666667 0.30104166666666665 0.022395833333333334 0.025694444444444447
0 0.8325520833333333 0.33645833333333336 0.0234375 0.025694444444444447
0 0.81484375 0.3715277777777778 0.022395833333333334 0.02638888888888889
0 0.7963541666666667 0.4076388888888889 0.020833333333333332 0.02638888888888889
0 0.7783854166666666 0.4416666666666667 0.021354166666666667 0.02361111111111111
0 0.76015625 0.4756944444444445 0.0203125 0.025
0 0.7440104166666667 0.5104166666666667 0.018229166666666668 0.02361111111111111
0 0.725 0.5454861111111111 0.020833333333333332 0.024305555555555556
0 0.7075520833333333 0.578125 0.021354166666666667 0.024305555555555556
0 0.6908854166666667 0.6135416666666667 0.022395833333333334 0.025694444444444447
0 0.6744791666666666 0.6454861111111111 0.01875 0.027083333333333334
0 0.65703125 0.678125 0.0203125 0.025694444444444447
0 0.6416666666666666 0.709375 0.017708333333333333 0.02291666666666667
0 0.6239583333333333 0.7420138888888889 0.019791666666666666 0.025694444444444447
0 0.6078125 0.7743055555555556 0.019791666666666666 0.025
0 0.59140625 0.80625 0.021354166666666667 0.025
0 0.5752604166666666 0.8368055555555556 0.018229166666666668 0.025
0 0.5598958333333334 0.8677083333333334 0.019791666666666666 0.02291666666666667
0 0.5432291666666667 0.8986111111111111 0.019791666666666666 0.02638888888888889
0 0.528125 0.9298611111111111 0.021875 0.025
