0 0.6711805555555556 0.26145833333333335 0.025694444444444447 0.017708333333333333
0 0.640625 0.27734375 0.02291666666666667 0.019270833333333334
0 0.6090277777777778 0.29375 0.02361111111111111 0.016666666666666666
0 0.5788194444444444 0.3106770833333333 0.02291666666666667 0.0171875
0 0.5479166666666667 0.3268229166666667 0.02361111111111111 0.0171875
0 0.5166666666666667 0.34296875 0.029166666666666667 0.018229166666666668
0 0.4857638888888889 0.359375 0.02847222222222222 0.019791666666666666
0 0.45416666666666666 0.37604166666666666 0.02638888888888889 0.015625
0 0.421875 0.3919270833333333 0.027083333333333334 0.018229166666666668
0 0.39131944444444444 0.4088541666666667 0.025694444444444447 0.016666666666666666
0 0.3614583333333333 0.42552083333333335 0.024305555555555556 0.015625
0 0.3302083333333333 0.44166666666666665 0.02291666666666667 0.01875
0 0.2982638888888889 0.4588541666666667 0.024305555555555556 0.01875
0 0.2670138888888889 0.4747395833333333 0.024305555555555556 0.0171875
0 0.234375 0.49244791666666665 0.024305555555555556 0.01614583333333333
0 0.20347222222222222 0.5075520833333333 0.02638888888888889 0.015104166666666667
0 0.17291666666666666 0.525 0.02638888888888889 0.016666666666666666
0 0.14027777777777778 0.5416666666666666 0.025 0.016666666666666666
0 0.11145833333333334 0.5575520833333333 0.024305555555555556 0.018229166666666668
0 0.07777777777777778 0.5739583333333333 0.02638888888888889 0.017708333333333333
0 0.7840277777777778 0.36744791666666665 0.029166666666666667 0.019270833333333334
0 0.7996527777777778 0.3828125 0.029861111111111113 0.019791666666666666
0 0.7673611111111112 0.4 0.025 0.019791666666666666
0 0.7510416666666667 0.38385416666666666 0.029861111111111113 0.019791666666666666
0 0.7190972222222223 0.4002604166666667 0.027083333333333334 0.0203125
0 0.734375 0.41692708333333334 0.027083333333333334 0.019270833333333334
0 0.6868055555555556 0.4166666666666667 0.022222222222222223 0.01875
0 0.7034722222222223 0.4328125 0.02777777777777778 0.017708333333333333
0 0.670138888888889 0.45 0.02638888888888889 0.019791666666666666
0 0.654513888888889 0.434375 0.027083333333333334 0.019791666666666666
0 0.638888888888889 0.4669270833333333 0.02638888888888889 0.018229166666666668
0 0.6222222222222222 0.4513020833333333 0.025 0.018229166666666668
0 0.5909722222222222 0.46875 0.025 0.019791666666666666
0 0.5590277777777778 0.48593749999999997 0.02638888888888889 0.019791666666666666
0 0.5274305555555556 0.50234375 0.025694444444444447 0.019270833333333334
0 0.6055555555555556 0.48463541666666665 0.02638888888888889 0.0203125
0 0.5756944444444445 0.5010416666666666 0.025 0.019791666666666666
0 0.5434027777777778 0.51875 0.027083333333333334 0.01875
0 0.5097222222222222 0.5359375 0.02361111111111111 0.017708333333333333
0 0.47708333333333336 0.5536458333333333 0.02361111111111111 0.019791666666666666
0 0.44583333333333336 0.5708333333333333 0.02638888888888889 0.020833333333333332
0 0.41423611111111114 0.5872395833333334 0.027083333333333334 0.018229166666666668
0 0.4965277777777778 0.51875 0.02638888888888889 0.01875
0 0.4625 0.5364583333333334 0.02638888888888889 0.016666666666666666
0 0.4309027777777778 0.5533854166666666 0.025694444444444447 0.0171875
0 0.39895833333333336 0.5708333333333333 0.025694444444444447 0.017708333333333333
0 0.3652777777777778 0.5869791666666666 0.02638888888888889 0.016666666666666666
0 0.37986111111111115 0.60390625 0.025 0.018229166666666668
0 0.34826388888888893 0.6213541666666667 0.02847222222222222 0.019791666666666666
0 0.3340277777777778 0.6044270833333333 0.02638888888888889 0.018229166666666668
0 0.30104166666666665 0.621875 0.025694444444444447 0.01875
0 0.31527777777777777 0.63828125 0.02777777777777778 0.019270833333333334
0 0.26979166666666665 0.6390625 0.024305555555555556 0.017708333333333333
0 0.2829861111111111 0.6552083333333333 0.024305555555555556 0.019791666666666666
0 0.2513888888888889 0.671875 0.02361111111111111 0.01875
0 0.2388888888888889 0.6559895833333333 0.025 0.019270833333333334
0 0.20555555555555557 0.6734375 0.025 0.016666666666666666
0 0.21909722222222222 0.6895833333333333 0.025694444444444447 0.01875
0 0.17256944444444444 0.690625 0.027083333333333334 0.017708333333333333
0 0.1857638888888889 0.7057291666666666 0.027083333333333334 0.019791666666666666
0 0.9177083333333333 0.4953125 0.025694444444444447 0.019791666666666666
0 0.884375 0.5127604166666666 0.025694444444444447 0.019270833333333334
0 0.8503472222222223 0.53046875 0.02847222222222222 0.019270833333333334
0 0.8177083333333334 0.5484375 0.02847222222222222 0.020833333333333332
0 0.784375 0.56640625 0.027083333333333334 0.021354166666666667
0 0.7520833333333333 0.5830729166666666 0.029166666666666667 0.0203125
0 0.7197916666666667 0.6015625 0.027083333333333334 0.020833333333333332
0 0.6875 0.6190104166666667 0.02777777777777778 0.021354166666666667
0 0.6548611111111111 0.6356770833333333 0.02777777777777778 0.018229166666666668
0 0.6208333333333333 0.6536458333333334 0.02638888888888889 0.019791666666666666
0 0.5875 0.671875 0.02638888888888889 0.01875
0 0.5548611111111111 0.68828125 0.02638888888888889 0.0203125
0 0.5232638888888889 0.70546875 0.02847222222222222 0.019270833333333334
0 0.48888888888888893 0.7236979166666666 0.02638888888888889 0.0203125
0 0.45659722222222227 0.7421875 0.027083333333333334 0.019791666666666666
0 0.4236111111111111 0.7588541666666666 0.030555555555555558 0.022916666666666665
0 0.3888888888888889 0.77734375 0.030555555555555558 0.021354166666666667
0 0.3572916666666667 0.7947916666666667 0.027083333333333334 0.019791666666666666
0 0.32395833333333335 0.8122395833333333 0.029861111111111113 0.018229166666666668
0 0.28923611111111114 0.8309895833333333 0.02847222222222222 0.019270833333333334
