0 0.2881944444444445 0.16953125 0.029166666666666667 0.019270833333333334
0 0.9166666666666667 0.5015625 0.030555555555555558 0.01875
0 0.882638888888889 0.48463541666666665 0.02777777777777778 0.018229166666666668
0 0.8517361111111111 0.4671875 0.029861111111111113 0.01875
0 0.8180555555555555 0.45026041666666666 0.02777777777777778 0.0171875
0 0.7850694444444445 0.4317708333333333 0.02847222222222222 0.017708333333333333
0 0.753125 0.41562499999999997 0.027083333333333334 0.01875
0 0.7201388888888889 0.39739583333333334 0.025 0.017708333333333333
0 0.6875 0.3794270833333333 0.02777777777777778 0.0203125
0 0.6524305555555556 0.36276041666666664 0.027083333333333334 0.019270833333333334
0 0.6218750000000001 0.34453125 0.029861111111111113 0.0203125
0 0.5871527777777777 0.3268229166666667 0.027083333333333334 0.019270833333333334
0 0.5527777777777778 0.309375 0.02638888888888889 0.019791666666666666
0 0.5222222222222223 0.29270833333333335 0.029166666666666667 0.019791666666666666
0 0.4881944444444445 0.2739583333333333 0.029166666666666667 0.01875
0 0.45555555555555555 0.25677083333333334 0.02638888888888889 0.019791666666666666
0 0.42291666666666666 0.23880208333333333 0.02638888888888889 0.021354166666666667
0 0.38958333333333334 0.22161458333333334 0.02777777777777778 0.021354166666666667
0 0.3548611111111111 0.20364583333333333 0.02638888888888889 0.020833333333333332
0 0.3215277777777778 0.18645833333333334 0.02638888888888889 0.020833333333333332
0 0.7993055555555556 0.61484375 0.025 0.019270833333333334
0 0.7819444444444444 0.6322916666666667 0.025 0.01875
0 0.7673611111111112 0.59765625 0.02777777777777778 0.01614583333333333
0 0.7510416666666667 0.6158854166666666 0.027083333333333334 0.022395833333333334
0 0.7357638888888889 0.5822916666666667 0.027083333333333334 0.017708333333333333
0 0.7190972222222223 0.59765625 0.02847222222222222 0.019270833333333334
0 0.7027777777777778 0.5658854166666667 0.029166666666666667 0.019270833333333334
0 0.6878472222222223 0.5815104166666667 0.027083333333333334 0.0203125
0 0.6715277777777778 0.54765625 0.030555555555555558 0.019270833333333334
0 0.654513888888889 0.5638020833333334 0.029861111111111113 0.01614583333333333
0 0.6399305555555556 0.5307291666666667 0.027083333333333334 0.016666666666666666
0 0.6229166666666667 0.5473958333333333 0.029166666666666667 0.01875
0 0.6062500000000001 0.5138020833333333 0.02777777777777778 0.0203125
0 0.5913194444444445 0.5302083333333333 0.027083333333333334 0.019791666666666666
0 0.576388888888889 0.49713541666666666 0.02777777777777778 0.019270833333333334
0 0.5597222222222222 0.5138020833333333 0.029166666666666667 0.019270833333333334
0 0.5440972222222222 0.4791666666666667 0.027083333333333334 0.01875
0 0.5274305555555556 0.49635416666666665 0.03125 0.01875
0 0.5104166666666667 0.4627604166666667 0.029166666666666667 0.018229166666666668
0 0.4947916666666667 0.4796875 0.027083333333333334 0.020833333333333332
0 0.47708333333333336 0.4466145833333333 0.029166666666666667 0.0203125
0 0.4625 0.46197916666666666 0.025 0.019791666666666666
0 0.44583333333333336 0.42864583333333334 0.02638888888888889 0.017708333333333333
0 0.42986111111111114 0.44479166666666664 0.02777777777777778 0.020833333333333332
0 0.4152777777777778 0.4125 0.030555555555555558 0.01875
0 0.39895833333333336 0.428125 0.024305555555555556 0.01875
0 0.38298611111111114 0.39375 0.02847222222222222 0.020833333333333332
0 0.3670138888888889 0.41119791666666666 0.025694444444444447 0.019270833333333334
0 0.35000000000000003 0.3770833333333333 0.02638888888888889 0.017708333333333333
0 0.3354166666666667 0.3950520833333333 0.02777777777777778 0.019270833333333334
0 0.3180555555555556 0.36041666666666666 0.02777777777777778 0.01875
0 0.3024305555555556 0.3770833333333333 0.025694444444444447 0.017708333333333333
0 0.28506944444444443 0.34401041666666665 0.027083333333333334 0.018229166666666668
0 0.2701388888888889 0.3611979166666667 0.025 0.018229166666666668
0 0.25243055555555555 0.3265625 0.025694444444444447 0.017708333333333333
0 0.23784722222222224 0.34348958333333335 0.027083333333333334 0.0171875
0 0.22048611111111113 0.30885416666666665 0.025694444444444447 0.01875
0 0.20520833333333335 0.3268229166666667 0.024305555555555556 0.018229166666666668
0 0.18819444444444444 0.2911458333333333 0.02638888888888889 0.017708333333333333
0 0.17326388888888888 0.3091145833333333 0.025694444444444447 0.019270833333333334
0 0.6708333333333334 0.7380208333333333 0.02361111111111111 0.01875
0 0.6409722222222223 0.7208333333333333 0.02638888888888889 0.016666666666666666
0 0.6086805555555556 0.70546875 0.024305555555555556 0.018229166666666668
0 0.5777777777777778 0.68828125 0.02777777777777778 0.019270833333333334
0 0.546875 0.6723958333333333 0.02847222222222222 0.020833333333333332
0 0.515625 0.6557291666666667 0.02847222222222222 0.019791666666666666
0 0.484375 0.6403645833333333 0.027083333333333334 0.019270833333333334
0 0.4534722222222222 0.6229166666666667 0.02638888888888889 0.01875
0 0.42256944444444444 0.60625 0.027083333333333334 0.019791666666666666
0 0.39166666666666666 0.5895833333333333 0.025 0.01875
0 0.3614583333333333 0.5731770833333333 0.024305555555555556 0.018229166666666668
0 0.3298611111111111 0.5567708333333333 0.02638888888888889 0.017708333333333333
0 0.29756944444444444 0.5403645833333334 0.025694444444444447 0.018229166666666668
0 0.26631944444444444 0.5231770833333333 0.025694444444444447 0.0171875
0 0.23541666666666666 0.5072916666666667 0.02638888888888889 0.01875
0 0.20381944444444444 0.490625 0.027083333333333334 0.017708333333333333
0 0.17326388888888888 0.47421874999999997 0.024305555555555556 0.018229166666666668
0 0.14166666666666666 0.45807291666666666 0.02638888888888889 0.0171875
0 0.1107638888888889 0.4421875 0.027083333333333334 0.019791666666666666
0 0.07881944444444444 0.42552083333333335 0.025694444444444447 0.01875
