0 0.013000000000000001 0.818 0.025 0.06533333333333333
0 0.21725 0.5603333333333333 0.0415 0.057999999999999996
0 0.251 0.524 0.041 0.052
0 0.1805 0.49866666666666665 0.044 0.050666666666666665
0 0.21025 0.46099999999999997 0.043500000000000004 0.057999999999999996
0 0.13975 0.438 0.0445 0.05466666666666666
0 0.171 0.3993333333333333 0.04 0.056
0 0.10200000000000001 0.3763333333333333 0.041 0.05533333333333333
0 0.13125 0.33866666666666667 0.0455 0.058666666666666666
0 0.06225 0.31366666666666665 0.0395 0.056666666666666664
0 0.09325 0.2793333333333333 0.043500000000000004 0.058666666666666666
0 0.02525 0.2563333333333333 0.0425 0.05533333333333333
0 0.05475 0.22166666666666665 0.0405 0.056666666666666664
0 0.017750000000000002 0.15833333333333333 0.0365 0.05266666666666667
0 0.00275 0.19666666666666666 0.006500000000000001 0.018666666666666665
0 0.458 0.2773333333333333 0.039 0.050666666666666665
0 0.419 0.21866666666666665 0.039 0.048
0 0.38 0.15766666666666665 0.039 0.051333333333333335
0 0.342 0.09833333333333333 0.037 0.05266666666666667
0 0.301 0.04066666666666666 0.04 0.05333333333333333
0 0.26025 0.005 0.0115 0.011333333333333332
