0 0.3284722222222222 0.26171875 0.025 0.018229166666666668
0 0.9208333333333334 0.575 0.030555555555555558 0.019791666666666666
0 0.8881944444444445 0.5580729166666667 0.025 0.018229166666666668
0 0.8572916666666667 0.5416666666666666 0.027083333333333334 0.017708333333333333
0 0.826388888888889 0.5260416666666666 0.025 0.016666666666666666
0 0.7954861111111111 0.50859375 0.024305555555555556 0.0171875
0 0.7635416666666667 0.49322916666666666 0.02847222222222222 0.016666666666666666
0 0.732638888888889 0.4752604166666667 0.02777777777777778 0.0171875
0 0.7010416666666667 0.459375 0.027083333333333334 0.016666666666666666
0 0.6687500000000001 0.44244791666666666 0.025 0.018229166666666668
0 0.638888888888889 0.4263020833333333 0.025 0.0171875
0 0.6069444444444445 0.4088541666666667 0.02361111111111111 0.015625
0 0.5767361111111111 0.3924479166666667 0.025694444444444447 0.018229166666666668
0 0.5458333333333334 0.37604166666666666 0.025 0.01875
0 0.5149305555555556 0.35859375 0.025694444444444447 0.015104166666666667
0 0.4840277777777778 0.34401041666666665 0.02638888888888889 0.0171875
0 0.45243055555555556 0.3268229166666667 0.024305555555555556 0.01614583333333333
0 0.42118055555555556 0.3109375 0.02291666666666667 0.016666666666666666
0 0.3909722222222222 0.29453125 0.02638888888888889 0.01614583333333333
0 0.3597222222222222 0.27838541666666666 0.025 0.018229166666666668
0 0.21736111111111112 0.3671875 0.02361111111111111 0.019791666666666666
0 0.8270833333333334 0.68984375 0.03194444444444445 0.0203125
0 0.8111111111111111 0.7078125 0.025 0.01875
0 0.7927083333333333 0.6723958333333333 0.025694444444444447 0.019791666666666666
0 0.7784722222222222 0.690625 0.02638888888888889 0.01875
0 0.7621527777777778 0.6557291666666667 0.024305555555555556 0.01875
0 0.7461805555555556 0.67265625 0.025694444444444447 0.019270833333333334
0 0.7295138888888889 0.6385416666666667 0.027083333333333334 0.01875
0 0.7145833333333333 0.6557291666666667 0.02361111111111111 0.01875
0 0.6979166666666667 0.6205729166666667 0.025 0.0203125
0 0.6822916666666667 0.6380208333333334 0.025694444444444447 0.01875
0 0.6635416666666667 0.6049479166666667 0.025694444444444447 0.0203125
0 0.6503472222222223 0.6213541666666667 0.027083333333333334 0.01875
0 0.634375 0.5869791666666666 0.027083333333333334 0.016666666666666666
0 0.6166666666666667 0.6052083333333333 0.02638888888888889 0.019791666666666666
0 0.6006944444444444 0.5705729166666667 0.02777777777777778 0.0171875
0 0.584375 0.5864583333333333 0.024305555555555556 0.01875
0 0.5684027777777778 0.5533854166666666 0.027083333333333334 0.0171875
0 0.5517361111111111 0.5705729166666667 0.025694444444444447 0.018229166666666668
0 0.5350694444444445 0.53671875 0.025694444444444447 0.0171875
0 0.5208333333333334 0.5541666666666667 0.02361111111111111 0.017708333333333333
0 0.5052083333333334 0.5197916666666667 0.024305555555555556 0.016666666666666666
0 0.48784722222222227 0.5369791666666667 0.027083333333333334 0.01875
0 0.4725694444444445 0.5028645833333333 0.027083333333333334 0.018229166666666668
0 0.45590277777777777 0.5190104166666667 0.027083333333333334 0.019270833333333334
0 0.4392361111111111 0.4856770833333333 0.024305555555555556 0.018229166666666668
0 0.4239583333333333 0.5013020833333334 0.024305555555555556 0.018229166666666668
0 0.40694444444444444 0.46875 0.025 0.017708333333333333
0 0.3923611111111111 0.4848958333333333 0.02361111111111111 0.017708333333333333
0 0.3767361111111111 0.4515625 0.025694444444444447 0.016666666666666666
0 0.3597222222222222 0.4669270833333333 0.022222222222222223 0.018229166666666668
0 0.3440972222222222 0.43359375 0.024305555555555556 0.018229166666666668
0 0.328125 0.45078124999999997 0.027083333333333334 0.0171875
0 0.31180555555555556 0.41770833333333335 0.02777777777777778 0.019791666666666666
0 0.2954861111111111 0.43385416666666665 0.027083333333333334 0.01875
0 0.278125 0.4 0.03125 0.020833333333333332
0 0.26319444444444445 0.41770833333333335 0.02638888888888889 0.01875
0 0.24861111111111112 0.3848958333333333 0.02777777777777778 0.017708333333333333
0 0.23159722222222223 0.4 0.027083333333333334 0.01875
0 0.20034722222222223 0.38229166666666664 0.02847222222222222 0.020833333333333332
0 0.7111111111111111 0.83046875 0.029166666666666667 0.0203125
0 0.6770833333333334 0.8122395833333333 0.029166666666666667 0.0203125
0 0.6434027777777778 0.79453125 0.025694444444444447 0.019270833333333334
0 0.6100694444444444 0.77734375 0.027083333333333334 0.019270833333333334
0 0.5770833333333334 0.75859375 0.02777777777777778 0.019270833333333334
0 0.5434027777777778 0.74296875 0.02847222222222222 0.019270833333333334
0 0.5121527777777778 0.7239583333333334 0.02847222222222222 0.019791666666666666
0 0.47881944444444446 0.70703125 0.029861111111111113 0.021354166666666667
0 0.4451388888888889 0.6890625 0.02777777777777778 0.020833333333333332
0 0.41250000000000003 0.67109375 0.02777777777777778 0.019270833333333334
0 0.37951388888888893 0.6546875 0.02847222222222222 0.021875
0 0.34618055555555555 0.6369791666666667 0.029861111111111113 0.020833333333333332
0 0.31180555555555556 0.6192708333333333 0.025 0.020833333333333332
0 0.2809027777777778 0.6005208333333333 0.027083333333333334 0.01875
0 0.24722222222222223 0.5846354166666666 0.02638888888888889 0.021354166666666667
0 0.215625 0.565625 0.027083333333333334 0.01875
0 0.18090277777777777 0.5486979166666667 0.02847222222222222 0.019270833333333334
0 0.14895833333333333 0.5309895833333333 0.02847222222222222 0.019270833333333334
0 0.11527777777777778 0.5135416666666667 0.029166666666666667 0.01875
0 0.08263888888888889 0.49609375 0.030555555555555558 0.019270833333333334
