0 0.28611111111111115 0.26588541666666665 0.029166666666666667 0.018229166666666668
0 0.9413194444444445 0.5763020833333333 0.029861111111111113 0.0234375
0 0.9041666666666667 0.5591145833333333 0.029166666666666667 0.024479166666666666
0 0.8680555555555556 0.5419270833333333 0.03194444444444445 0.0234375
0 0.8315972222222222 0.5244791666666666 0.03263888888888889 0.021875
0 0.7965277777777778 0.50703125 0.030555555555555558 0.0234375
0 0.7597222222222223 0.490625 0.029166666666666667 0.020833333333333332
0 0.7263888888888889 0.4734375 0.029166666666666667 0.021875
0 0.6899305555555556 0.45677083333333335 0.02847222222222222 0.021875
0 0.654513888888889 0.43984375 0.02847222222222222 0.018229166666666668
0 0.6204861111111112 0.4244791666666667 0.029861111111111113 0.019791666666666666
0 0.5857638888888889 0.40859375 0.027083333333333334 0.019270833333333334
0 0.5517361111111111 0.3932291666666667 0.03125 0.022916666666666665
0 0.5170138888888889 0.37578125 0.02847222222222222 0.021354166666666667
0 0.484375 0.3606770833333333 0.03125 0.0203125
0 0.45034722222222223 0.3450520833333333 0.03125 0.0234375
0 0.4173611111111111 0.3294270833333333 0.02777777777777778 0.021354166666666667
0 0.3836805555555556 0.31484375 0.029861111111111113 0.019270833333333334
0 0.3510416666666667 0.2989583333333333 0.029861111111111113 0.017708333333333333
0 0.3194444444444445 0.2825520833333333 0.03333333333333333 0.021354166666666667
0 0.8340277777777778 0.7041666666666666 0.02777777777777778 0.021875
0 0.8180555555555555 0.72421875 0.030555555555555558 0.0203125
0 0.7975694444444444 0.6864583333333333 0.027083333333333334 0.020833333333333332
0 0.7819444444444444 0.7046875 0.029166666666666667 0.021875
0 0.7607638888888889 0.6677083333333333 0.02847222222222222 0.01875
0 0.7458333333333333 0.6864583333333333 0.029166666666666667 0.020833333333333332
0 0.7246527777777778 0.64921875 0.02847222222222222 0.018229166666666668
0 0.7097222222222223 0.6690104166666666 0.029166666666666667 0.0203125
0 0.6892361111111112 0.6328125 0.029861111111111113 0.019791666666666666
0 0.6743055555555556 0.6513020833333333 0.030555555555555558 0.022395833333333334
0 0.6541666666666667 0.6153645833333333 0.029166666666666667 0.0203125
0 0.6375000000000001 0.6341145833333334 0.02777777777777778 0.0203125
0 0.61875 0.596875 0.02777777777777778 0.017708333333333333
0 0.6013888888888889 0.6161458333333333 0.02777777777777778 0.019791666666666666
0 0.5822916666666667 0.58125 0.02847222222222222 0.019791666666666666
0 0.5659722222222222 0.5994791666666667 0.02638888888888889 0.019791666666666666
0 0.5475694444444444 0.5640625 0.027083333333333334 0.020833333333333332
0 0.5128472222222222 0.5466145833333333 0.027083333333333334 0.018229166666666668
0 0.5326388888888889 0.5815104166666667 0.02777777777777778 0.019270833333333334
0 0.496875 0.5645833333333333 0.029861111111111113 0.01875
0 0.47847222222222224 0.53046875 0.03194444444444445 0.021354166666666667
0 0.46319444444444446 0.5479166666666666 0.02777777777777778 0.021875
0 0.44409722222222225 0.51328125 0.029861111111111113 0.0203125
0 0.4277777777777778 0.5309895833333333 0.02638888888888889 0.021354166666666667
0 0.4104166666666667 0.4966145833333333 0.030555555555555558 0.021354166666666667
0 0.3944444444444445 0.5140625 0.030555555555555558 0.019791666666666666
0 0.37777777777777777 0.4796875 0.02777777777777778 0.01875
0 0.3628472222222222 0.4981770833333333 0.029861111111111113 0.018229166666666668
0 0.34375 0.4630208333333333 0.02777777777777778 0.017708333333333333
0 0.3284722222222222 0.48125 0.02777777777777778 0.01875
0 0.3111111111111111 0.44687499999999997 0.025 0.017708333333333333
0 0.29618055555555556 0.4653645833333333 0.02847222222222222 0.019270833333333334
0 0.27847222222222223 0.4315104166666667 0.02638888888888889 0.0171875
0 0.2611111111111111 0.4479166666666667 0.03194444444444445 0.01875
0 0.24548611111111113 0.41562499999999997 0.024305555555555556 0.019791666666666666
0 0.23159722222222223 0.43385416666666665 0.02847222222222222 0.019791666666666666
0 0.2125 0.3989583333333333 0.03194444444444445 0.01875
0 0.19722222222222224 0.41901041666666666 0.03194444444444445 0.021354166666666667
0 0.18194444444444446 0.3848958333333333 0.02777777777777778 0.022916666666666665
0 0.16631944444444446 0.4015625 0.02847222222222222 0.019791666666666666
0 0.7090277777777778 0.8533854166666667 0.03194444444444445 0.022395833333333334
0 0.6729166666666667 0.8341145833333333 0.030555555555555558 0.0203125
0 0.6364583333333333 0.8156249999999999 0.029861111111111113 0.020833333333333332
0 0.5996527777777778 0.7973958333333333 0.029861111111111113 0.019791666666666666
0 0.5635416666666667 0.77890625 0.02847222222222222 0.0234375
0 0.5284722222222222 0.7611979166666667 0.029166666666666667 0.019270833333333334
0 0.49409722222222224 0.7427083333333333 0.027083333333333334 0.019791666666666666
0 0.45798611111111115 0.725 0.027083333333333334 0.019791666666666666
0 0.42291666666666666 0.7075520833333333 0.02777777777777778 0.021354166666666667
0 0.3885416666666667 0.6885416666666666 0.027083333333333334 0.019791666666666666
0 0.35347222222222224 0.6713541666666667 0.02777777777777778 0.020833333333333332
0 0.32083333333333336 0.65390625 0.025 0.0203125
0 0.2868055555555556 0.6361979166666667 0.029166666666666667 0.0203125
0 0.25381944444444443 0.61875 0.029861111111111113 0.025
0 0.22083333333333335 0.6028645833333334 0.02777777777777778 0.024479166666666666
0 0.1892361111111111 0.5854166666666667 0.03125 0.022916666666666665
0 0.15555555555555556 0.5690104166666666 0.029166666666666667 0.022395833333333334
0 0.12430555555555556 0.5526041666666667 0.03194444444444445 0.020833333333333332
0 0.0920138888888889 0.5359375 0.03263888888888889 0.022916666666666665
0 0.058680555555555555 0.5200520833333333 0.029861111111111113 0.0203125
