0 0.8611111111111112 0.47552083333333334 0.029166666666666667 0.021875
0 0.8260416666666667 0.4588541666666667 0.02847222222222222 0.01875
0 0.7927083333333333 0.4440104166666667 0.02847222222222222 0.019270833333333334
0 0.7586805555555556 0.428125 0.02847222222222222 0.020833333333333332
0 0.7263888888888889 0.41328125 0.02638888888888889 0.018229166666666668
0 0.6930555555555555 0.39739583333333334 0.02777777777777778 0.020833333333333332
0 0.659375 0.38229166666666664 0.025694444444444447 0.019791666666666666
0 0.6270833333333333 0.36796875 0.03194444444444445 0.0203125
0 0.5951388888888889 0.35104166666666664 0.030555555555555558 0.021875
0 0.5625 0.33619791666666665 0.02777777777777778 0.0171875
0 0.5277777777777778 0.3216145833333333 0.029166666666666667 0.021354166666666667
0 0.496875 0.3065104166666667 0.02847222222222222 0.021354166666666667
0 0.4618055555555556 0.2934895833333333 0.030555555555555558 0.021354166666666667
0 0.4326388888888889 0.2778645833333333 0.034722222222222224 0.019270833333333334
0 0.39861111111111114 0.26328125 0.029166666666666667 0.019270833333333334
0 0.36597222222222225 0.24921875 0.030555555555555558 0.019270833333333334
0 0.3350694444444445 0.2328125 0.029861111111111113 0.01875
0 0.3038194444444445 0.21770833333333334 0.027083333333333334 0.021875
0 0.2743055555555556 0.20390624999999998 0.02638888888888889 0.018229166666666668
0 0.24027777777777778 0.18958333333333333 0.029166666666666667 0.021875
0 0.7625000000000001 0.59375 0.02777777777777778 0.01875
0 0.7486111111111111 0.6119791666666666 0.029166666666666667 0.019791666666666666
0 0.7291666666666667 0.5783854166666667 0.02777777777777778 0.018229166666666668
0 0.7138888888888889 0.5955729166666667 0.029166666666666667 0.0203125
0 0.6944444444444444 0.56171875 0.030555555555555558 0.0203125
0 0.6791666666666667 0.5796875 0.02777777777777778 0.019791666666666666
0 0.6614583333333334 0.5471354166666667 0.027083333333333334 0.0203125
0 0.6465277777777778 0.5635416666666666 0.02777777777777778 0.019791666666666666
0 0.6270833333333333 0.5309895833333333 0.029166666666666667 0.0203125
0 0.6135416666666667 0.54765625 0.029861111111111113 0.0203125
0 0.5934027777777778 0.5140625 0.027083333333333334 0.021875
0 0.5795138888888889 0.53125 0.029861111111111113 0.021875
0 0.5600694444444445 0.4986979166666667 0.029861111111111113 0.021354166666666667
0 0.5461805555555556 0.5158854166666667 0.02847222222222222 0.0203125
0 0.5277777777777778 0.4830729166666667 0.03333333333333333 0.019270833333333334
0 0.5135416666666667 0.5 0.029861111111111113 0.020833333333333332
0 0.4947916666666667 0.4661458333333333 0.02847222222222222 0.019791666666666666
0 0.4809027777777778 0.48463541666666665 0.029861111111111113 0.0203125
0 0.46145833333333336 0.4513020833333333 0.029861111111111113 0.0203125
0 0.4479166666666667 0.46979166666666666 0.029166666666666667 0.021875
0 0.4288194444444445 0.43645833333333334 0.029861111111111113 0.021875
0 0.4149305555555556 0.45286458333333335 0.025694444444444447 0.021354166666666667
0 0.39548611111111115 0.41953124999999997 0.02847222222222222 0.021354166666666667
0 0.3826388888888889 0.43697916666666664 0.02777777777777778 0.021875
0 0.36458333333333337 0.4049479166666667 0.02638888888888889 0.0203125
0 0.34756944444444443 0.4223958333333333 0.027083333333333334 0.020833333333333332
0 0.3315972222222222 0.38958333333333334 0.029861111111111113 0.01875
0 0.31770833333333337 0.40651041666666665 0.025694444444444447 0.018229166666666668
0 0.2986111111111111 0.37421875 0.029166666666666667 0.019270833333333334
0 0.28645833333333337 0.39296875 0.029861111111111113 0.018229166666666668
0 0.2677083333333333 0.35963541666666665 0.027083333333333334 0.018229166666666668
0 0.25243055555555555 0.3770833333333333 0.02847222222222222 0.019791666666666666
0 0.23680555555555557 0.34401041666666665 0.02777777777777778 0.0171875
0 0.22187500000000002 0.36302083333333335 0.029861111111111113 0.022916666666666665
0 0.20347222222222222 0.32916666666666666 0.02777777777777778 0.01875
0 0.17256944444444444 0.3130208333333333 0.03402777777777778 0.02395833333333333
0 0.15729166666666666 0.33359375 0.035416666666666666 0.0234375
0 0.14305555555555557 0.2994791666666667 0.030555555555555558 0.019791666666666666
0 0.12638888888888888 0.3182291666666667 0.03333333333333333 0.022916666666666665
0 0.025694444444444447 0.43255208333333334 0.030555555555555558 0.021354166666666667
0 0.6472222222222223 0.7322916666666667 0.02777777777777778 0.020833333333333332
0 0.6142361111111111 0.715625 0.029861111111111113 0.020833333333333332
0 0.58125 0.6997395833333333 0.02638888888888889 0.021354166666666667
0 0.5461805555555556 0.6833333333333333 0.027083333333333334 0.021875
0 0.5114583333333333 0.66875 0.02847222222222222 0.021875
0 0.4777777777777778 0.6518229166666667 0.02638888888888889 0.019270833333333334
0 0.44409722222222225 0.6354166666666666 0.03125 0.019791666666666666
0 0.41145833333333337 0.6177083333333333 0.029861111111111113 0.019791666666666666
0 0.378125 0.6028645833333334 0.03263888888888889 0.0203125
0 0.3451388888888889 0.5877604166666667 0.030555555555555558 0.021354166666666667
0 0.3138888888888889 0.5713541666666666 0.034722222222222224 0.01875
0 0.2815972222222222 0.5541666666666667 0.03125 0.019791666666666666
0 0.24791666666666667 0.5393229166666667 0.030555555555555558 0.021354166666666667
0 0.21493055555555557 0.5223958333333333 0.03125 0.022916666666666665
0 0.18472222222222223 0.5080729166666667 0.029166666666666667 0.0203125
0 0.1513888888888889 0.49244791666666665 0.029166666666666667 0.019270833333333334
0 0.12013888888888889 0.4765625 0.030555555555555558 0.020833333333333332
0 0.08715277777777779 0.46119791666666665 0.029861111111111113 0.0203125
0 0.05659722222222222 0.44557291666666665 0.029861111111111113 0.0234375
0 0.18888888888888888 0.3458333333333333 0.03194444444444445 0.021875
