0 0.025 0.5708333333333333 0.029166666666666667 0.017708333333333333
0 0.05555555555555556 0.5541666666666667 0.02777777777777778 0.019791666666666666
0 0.08750000000000001 0.5377604166666666 0.02777777777777778 0.019270833333333334
0 0.11840277777777779 0.521875 0.027083333333333334 0.019791666666666666
0 0.15173611111111113 0.5067708333333333 0.02847222222222222 0.020833333333333332
0 0.18333333333333335 0.49192708333333335 0.02777777777777778 0.0171875
0 0.215625 0.47682291666666665 0.029861111111111113 0.021354166666666667
0 0.2482638888888889 0.46015625 0.025694444444444447 0.019270833333333334
0 0.28125 0.4458333333333333 0.036111111111111115 0.022916666666666665
0 0.31319444444444444 0.42864583333333334 0.034722222222222224 0.022916666666666665
0 0.3458333333333333 0.41302083333333334 0.03333333333333333 0.020833333333333332
0 0.3788194444444445 0.3971354166666667 0.03402777777777778 0.022395833333333334
0 0.4118055555555556 0.38125 0.03333333333333333 0.020833333333333332
0 0.44583333333333336 0.3640625 0.029166666666666667 0.019791666666666666
0 0.478125 0.34921875 0.03125 0.021354166666666667
0 0.5125000000000001 0.33203125 0.029166666666666667 0.0203125
0 0.5447916666666667 0.31640625 0.027083333333333334 0.019270833333333334
0 0.5791666666666667 0.30026041666666664 0.029166666666666667 0.019270833333333334
0 0.6114583333333333 0.28203125 0.02847222222222222 0.019270833333333334
0 0.6475694444444444 0.2669270833333333 0.029861111111111113 0.021354166666666667
0 0.12395833333333334 0.6815104166666667 0.02847222222222222 0.021354166666666667
0 0.13819444444444445 0.7 0.030555555555555558 0.022916666666666665
0 0.17222222222222222 0.68515625 0.02777777777777778 0.0203125
0 0.15694444444444444 0.6671875 0.029166666666666667 0.016666666666666666
0 0.20520833333333335 0.6692708333333334 0.025694444444444447 0.01875
0 0.18888888888888888 0.6526041666666667 0.029166666666666667 0.01875
0 0.23506944444444444 0.6546875 0.029861111111111113 0.020833333333333332
0 0.22291666666666668 0.6375 0.02777777777777778 0.019791666666666666
0 0.26805555555555555 0.6385416666666667 0.02638888888888889 0.01875
0 0.25625000000000003 0.62265625 0.02638888888888889 0.0203125
0 0.2982638888888889 0.6229166666666667 0.02847222222222222 0.020833333333333332
0 0.28506944444444443 0.6067708333333334 0.03125 0.019791666666666666
0 0.33194444444444443 0.609375 0.029166666666666667 0.021875
0 0.3184027777777778 0.5919270833333333 0.029861111111111113 0.018229166666666668
0 0.35000000000000003 0.5768229166666666 0.02777777777777778 0.018229166666666668
0 0.3625 0.5940104166666667 0.029166666666666667 0.022395833333333334
0 0.39722222222222225 0.5776041666666667 0.02777777777777778 0.019791666666666666
0 0.3826388888888889 0.5604166666666667 0.025 0.019791666666666666
0 0.4288194444444445 0.5635416666666666 0.029861111111111113 0.025
0 0.41458333333333336 0.5450520833333333 0.03194444444444445 0.019270833333333334
0 0.4465277777777778 0.5299479166666666 0.03194444444444445 0.0203125
0 0.45937500000000003 0.546875 0.029861111111111113 0.020833333333333332
0 0.49444444444444446 0.5317708333333333 0.029166666666666667 0.022916666666666665
0 0.48125 0.5143229166666666 0.03194444444444445 0.018229166666666668
0 0.5274305555555556 0.5158854166666667 0.025694444444444447 0.022395833333333334
0 0.5121527777777778 0.49947916666666664 0.029861111111111113 0.020833333333333332
0 0.5593750000000001 0.49947916666666664 0.029861111111111113 0.021875
0 0.5472222222222223 0.48385416666666664 0.02777777777777778 0.021875
0 0.5944444444444444 0.48515625 0.030555555555555558 0.0234375
0 0.5788194444444444 0.4671875 0.029861111111111113 0.020833333333333332
0 0.6138888888888889 0.4510416666666667 0.03194444444444445 0.021875
0 0.6277777777777778 0.46953125 0.030555555555555558 0.022395833333333334
0 0.6600694444444445 0.45390625 0.029861111111111113 0.022395833333333334
0 0.6482638888888889 0.4354166666666667 0.029861111111111113 0.01875
0 0.6809027777777779 0.41901041666666666 0.027083333333333334 0.021354166666666667
0 0.69375 0.43723958333333335 0.029166666666666667 0.0203125
0 0.7277777777777779 0.42135416666666664 0.025 0.019791666666666666
0 0.7145833333333333 0.40208333333333335 0.030555555555555558 0.022916666666666665
0 0.7486111111111111 0.38645833333333335 0.02777777777777778 0.01875
0 0.7625000000000001 0.4044270833333333 0.030555555555555558 0.0203125
0 0.24131944444444445 0.8106770833333333 0.02847222222222222 0.0203125
0 0.27187500000000003 0.79609375 0.027083333333333334 0.018229166666666668
0 0.3045138888888889 0.78203125 0.02847222222222222 0.021354166666666667
0 0.3350694444444445 0.76796875 0.029861111111111113 0.021354166666666667
0 0.3684027777777778 0.7515625 0.025694444444444447 0.022916666666666665
0 0.40069444444444446 0.7380208333333333 0.030555555555555558 0.02395833333333333
0 0.43333333333333335 0.72265625 0.02777777777777778 0.021354166666666667
0 0.46493055555555557 0.7080729166666666 0.03125 0.019270833333333334
0 0.49722222222222223 0.69375 0.02638888888888889 0.02395833333333333
0 0.5267361111111112 0.6776041666666667 0.029861111111111113 0.020833333333333332
0 0.5611111111111111 0.6630208333333333 0.029166666666666667 0.01875
0 0.5927083333333334 0.6484375 0.029861111111111113 0.020833333333333332
0 0.6267361111111112 0.6333333333333333 0.029861111111111113 0.019791666666666666
0 0.6614583333333334 0.6169270833333333 0.02847222222222222 0.022395833333333334
0 0.6930555555555555 0.6013020833333333 0.029166666666666667 0.0203125
0 0.7260416666666667 0.5859375 0.025694444444444447 0.019791666666666666
0 0.7586805555555556 0.5713541666666666 0.02847222222222222 0.020833333333333332
0 0.7930555555555556 0.5546875 0.029166666666666667 0.020833333333333332
0 0.8267361111111111 0.5403645833333334 0.027083333333333334 0.021354166666666667
0 0.8618055555555556 0.5239583333333333 0.02777777777777778 0.01875
