0 0.9760416666666667 0.5692708333333333 0.027083333333333334 0.01875
0 0.9447916666666667 0.5536458333333333 0.025694444444444447 0.019791666666666666
0 0.9104166666666667 0.5388020833333333 0.02638888888888889 0.018229166666666668
0 0.8802083333333334 0.5239583333333333 0.029861111111111113 0.021875
0 0.8489583333333334 0.5067708333333333 0.025694444444444447 0.01875
0 0.8149305555555556 0.4908854166666667 0.027083333333333334 0.019270833333333334
0 0.7836805555555556 0.47604166666666664 0.025694444444444447 0.020833333333333332
0 0.7513888888888889 0.46015625 0.02638888888888889 0.021354166666666667
0 0.7190972222222223 0.44453125 0.029861111111111113 0.019270833333333334
0 0.685763888888889 0.4283854166666667 0.02847222222222222 0.0203125
0 0.6538194444444445 0.41432291666666665 0.027083333333333334 0.021354166666666667
0 0.6211805555555556 0.396875 0.03263888888888889 0.021875
0 0.5878472222222223 0.38177083333333334 0.03402777777777778 0.021875
0 0.5541666666666667 0.3645833333333333 0.029166666666666667 0.02395833333333333
0 0.5208333333333334 0.34869791666666666 0.03333333333333333 0.021354166666666667
0 0.4881944444444445 0.3328125 0.030555555555555558 0.020833333333333332
0 0.4548611111111111 0.315625 0.029166666666666667 0.01875
0 0.42118055555555556 0.3 0.03125 0.020833333333333332
0 0.3857638888888889 0.2838541666666667 0.029861111111111113 0.021875
0 0.35208333333333336 0.2674479166666667 0.02777777777777778 0.021354166666666667
0 0.8729166666666667 0.6828125 0.02777777777777778 0.020833333333333332
0 0.8406250000000001 0.66796875 0.025694444444444447 0.0203125
0 0.8097222222222222 0.6526041666666667 0.029166666666666667 0.01875
0 0.7781250000000001 0.63828125 0.02847222222222222 0.0203125
0 0.7458333333333333 0.621875 0.030555555555555558 0.019791666666666666
0 0.859375 0.69921875 0.027083333333333334 0.019270833333333334
0 0.8267361111111111 0.6838541666666667 0.025694444444444447 0.017708333333333333
0 0.7958333333333334 0.66796875 0.029166666666666667 0.0171875
0 0.7635416666666667 0.65390625 0.02847222222222222 0.018229166666666668
0 0.7305555555555556 0.6388020833333333 0.02638888888888889 0.019270833333333334
0 0.7142361111111112 0.6072916666666667 0.027083333333333334 0.019791666666666666
0 0.7000000000000001 0.625 0.02777777777777778 0.01875
0 0.6822916666666667 0.5916666666666667 0.02847222222222222 0.017708333333333333
0 0.6677083333333333 0.6088541666666667 0.027083333333333334 0.017708333333333333
0 0.65 0.57734375 0.029166666666666667 0.019270833333333334
0 0.6350694444444445 0.59375 0.025694444444444447 0.01875
0 0.6166666666666667 0.56171875 0.02777777777777778 0.018229166666666668
0 0.603125 0.57890625 0.029861111111111113 0.018229166666666668
0 0.5847222222222223 0.5455729166666666 0.029166666666666667 0.0171875
0 0.5711805555555556 0.5614583333333333 0.029861111111111113 0.019791666666666666
0 0.5524305555555555 0.5299479166666666 0.029861111111111113 0.021354166666666667
0 0.5381944444444444 0.5473958333333333 0.029166666666666667 0.017708333333333333
0 0.5184027777777778 0.5145833333333333 0.02847222222222222 0.021875
0 0.5048611111111111 0.5315104166666667 0.029166666666666667 0.0234375
0 0.48750000000000004 0.4986979166666667 0.029166666666666667 0.0203125
0 0.47187500000000004 0.5174479166666667 0.03263888888888889 0.022395833333333334
0 0.45381944444444444 0.48333333333333334 0.03125 0.022916666666666665
0 0.43993055555555555 0.5010416666666666 0.03125 0.020833333333333332
0 0.4201388888888889 0.46822916666666664 0.029166666666666667 0.021875
0 0.40555555555555556 0.4861979166666667 0.02777777777777778 0.021354166666666667
0 0.3857638888888889 0.45208333333333334 0.025694444444444447 0.021875
0 0.371875 0.46901041666666665 0.029861111111111113 0.021354166666666667
0 0.3524305555555556 0.4354166666666667 0.027083333333333334 0.021875
0 0.3385416666666667 0.4536458333333333 0.03125 0.020833333333333332
0 0.3197916666666667 0.41953124999999997 0.027083333333333334 0.021354166666666667
0 0.3041666666666667 0.4375 0.025 0.021875
0 0.2857638888888889 0.4036458333333333 0.025694444444444447 0.021875
0 0.2715277777777778 0.4205729166666667 0.02638888888888889 0.019270833333333334
0 0.25104166666666666 0.3880208333333333 0.029861111111111113 0.020833333333333332
0 0.2371527777777778 0.40546875 0.02847222222222222 0.0203125
0 0.7586805555555556 0.81015625 0.02847222222222222 0.019270833333333334
0 0.7256944444444444 0.7947916666666667 0.02777777777777778 0.01875
0 0.6954861111111111 0.7796875 0.027083333333333334 0.01875
0 0.6652777777777779 0.765625 0.02638888888888889 0.021875
0 0.6319444444444444 0.7510416666666666 0.030555555555555558 0.022916666666666665
0 0.6003472222222223 0.7369791666666666 0.02847222222222222 0.022916666666666665
0 0.5673611111111111 0.721875 0.02777777777777778 0.02395833333333333
0 0.5350694444444445 0.7067708333333333 0.027083333333333334 0.020833333333333332
0 0.5038194444444445 0.6919270833333333 0.027083333333333334 0.022395833333333334
0 0.4715277777777778 0.6776041666666667 0.025 0.021875
0 0.4388888888888889 0.6619791666666667 0.030555555555555558 0.02395833333333333
0 0.4065972222222222 0.646875 0.02847222222222222 0.02395833333333333
0 0.3736111111111111 0.63203125 0.030555555555555558 0.021354166666666667
0 0.33958333333333335 0.6171875 0.03333333333333333 0.026041666666666668
0 0.30868055555555557 0.6018229166666667 0.029861111111111113 0.024479166666666666
0 0.2729166666666667 0.5864583333333333 0.034722222222222224 0.021875
0 0.23958333333333334 0.5692708333333333 0.030555555555555558 0.020833333333333332
0 0.2076388888888889 0.55546875 0.03194444444444445 0.024479166666666666
0 0.17222222222222222 0.5395833333333333 0.030555555555555558 0.021875
0 0.13993055555555556 0.5231770833333333 0.029861111111111113 0.021354166666666667
