0 0.18880208333333334 0.7600694444444445 0.021354166666666667 0.027083333333333334
0 0.20260416666666667 0.7274305555555556 0.020833333333333332 0.025694444444444447
0 0.21822916666666667 0.6961805555555556 0.025 0.02847222222222222
0 0.23307291666666666 0.6628472222222223 0.021354166666666667 0.027083333333333334
0 0.24739583333333334 0.6309027777777778 0.021875 0.027083333333333334
0 0.26145833333333335 0.5993055555555555 0.021875 0.02361111111111111
0 0.27708333333333335 0.5670138888888889 0.020833333333333332 0.024305555555555556
0 0.2916666666666667 0.5375 0.020833333333333332 0.02638888888888889
0 0.3065104166666667 0.5045138888888889 0.022395833333333334 0.027083333333333334
0 0.3221354166666667 0.47187500000000004 0.021354166666666667 0.024305555555555556
0 0.3372395833333333 0.4395833333333333 0.0234375 0.030555555555555558
0 0.35182291666666665 0.4065972222222222 0.0234375 0.027083333333333334
0 0.36796875 0.3736111111111111 0.021354166666666667 0.030555555555555558
0 0.38203125 0.33958333333333335 0.022395833333333334 0.02777777777777778
0 0.39739583333333334 0.3076388888888889 0.022916666666666665 0.02777777777777778
0 0.41328125 0.2743055555555556 0.022395833333333334 0.03194444444444445
0 0.4265625 0.24131944444444445 0.021875 0.029861111111111113
0 0.4432291666666667 0.20555555555555557 0.021875 0.02638888888888889
0 0.4588541666666667 0.17395833333333335 0.02395833333333333 0.02847222222222222
0 0.475 0.140625 0.020833333333333332 0.027083333333333334
0 0.31640625 0.873263888888889 0.021354166666666667 0.027083333333333334
0 0.33151041666666664 0.8413194444444445 0.022395833333333334 0.027083333333333334
0 0.34765625 0.8100694444444445 0.019270833333333334 0.025694444444444447
0 0.36223958333333334 0.7774305555555556 0.0203125 0.025694444444444447
0 0.3765625 0.7458333333333333 0.017708333333333333 0.025
0 0.3921875 0.7142361111111112 0.020833333333333332 0.027083333333333334
0 0.4075520833333333 0.6826388888888889 0.022395833333333334 0.02638888888888889
0 0.4223958333333333 0.65 0.019791666666666666 0.02638888888888889
0 0.43854166666666666 0.6177083333333333 0.019791666666666666 0.02847222222222222
0 0.453125 0.5847222222222223 0.020833333333333332 0.02777777777777778
0 0.4692708333333333 0.5520833333333334 0.021875 0.02638888888888889
0 0.4848958333333333 0.5190972222222222 0.022916666666666665 0.027083333333333334
0 0.5005208333333333 0.48541666666666666 0.02395833333333333 0.02777777777777778
0 0.5153645833333333 0.45243055555555556 0.024479166666666666 0.03125
0 0.5309895833333333 0.41909722222222223 0.024479166666666666 0.03263888888888889
0 0.5471354166666667 0.3857638888888889 0.021354166666666667 0.02847222222222222
0 0.5638020833333334 0.3527777777777778 0.022395833333333334 0.02777777777777778
0 0.5794270833333334 0.3184027777777778 0.0203125 0.025694444444444447
0 0.5958333333333333 0.28402777777777777 0.020833333333333332 0.02777777777777778
0 0.6111979166666667 0.25243055555555555 0.0203125 0.027083333333333334
0 0.2989583333333333 0.8586805555555556 0.019791666666666666 0.025694444444444447
0 0.3151041666666667 0.826388888888889 0.019791666666666666 0.025
0 0.3296875 0.7954861111111111 0.020833333333333332 0.025694444444444447
0 0.3442708333333333 0.7642361111111111 0.020833333333333332 0.025694444444444447
0 0.35911458333333335 0.7315972222222222 0.0203125 0.025694444444444447
0 0.37526041666666665 0.6993055555555556 0.021354166666666667 0.025
0 0.38984375 0.6680555555555556 0.021354166666666667 0.029166666666666667
0 0.40546875 0.6350694444444445 0.0203125 0.029861111111111113
0 0.42083333333333334 0.6034722222222223 0.022916666666666665 0.030555555555555558
0 0.4359375 0.5697916666666667 0.021875 0.029861111111111113
0 0.4513020833333333 0.5385416666666667 0.022395833333333334 0.02847222222222222
0 0.4671875 0.5048611111111111 0.020833333333333332 0.02777777777777778
0 0.4825520833333333 0.4715277777777778 0.022395833333333334 0.029166666666666667
0 0.4984375 0.4378472222222222 0.020833333333333332 0.027083333333333334
0 0.5143229166666666 0.4048611111111111 0.0203125 0.02777777777777778
0 0.5299479166666666 0.37083333333333335 0.0203125 0.02777777777777778
0 0.54609375 0.3375 0.021354166666666667 0.02777777777777778
0 0.5622395833333333 0.30347222222222225 0.0203125 0.029166666666666667
0 0.5778645833333333 0.2711805555555556 0.0203125 0.027083333333333334
0 0.59453125 0.2371527777777778 0.0203125 0.02847222222222222
0 0.43046875 0.9750000000000001 0.022395833333333334 0.02777777777777778
0 0.4453125 0.9423611111111111 0.021875 0.02777777777777778
0 0.4609375 0.9100694444444445 0.022916666666666665 0.029861111111111113
0 0.47682291666666665 0.8805555555555555 0.0203125 0.02777777777777778
0 0.49192708333333335 0.8479166666666667 0.0203125 0.029166666666666667
0 0.5072916666666667 0.8149305555555556 0.020833333333333332 0.02847222222222222
0 0.5231770833333333 0.7840277777777778 0.021354166666666667 0.029166666666666667
0 0.5388020833333333 0.7513888888888889 0.0203125 0.02777777777777778
0 0.5544270833333333 0.7190972222222223 0.022395833333333334 0.02847222222222222
0 0.5705729166666667 0.6871527777777778 0.0234375 0.029861111111111113
0 0.58671875 0.654513888888889 0.0234375 0.029861111111111113
0 0.6026041666666666 0.6222222222222222 0.022916666666666665 0.02777777777777778
0 0.6184895833333334 0.5885416666666667 0.0203125 0.02847222222222222
0 0.63515625 0.5538194444444444 0.021354166666666667 0.02847222222222222
0 0.6515625 0.521875 0.02395833333333333 0.029861111111111113
0 0.6671875 0.4881944444444445 0.022916666666666665 0.029166666666666667
0 0.6838541666666667 0.45381944444444444 0.02395833333333333 0.029861111111111113
0 0.6994791666666667 0.42083333333333334 0.021875 0.03333333333333333
0 0.7177083333333333 0.3854166666666667 0.026041666666666668 0.029166666666666667
0 0.7328125 0.3527777777777778 0.025 0.030555555555555558
