0 0.12743055555555555 0.4747395833333333 0.02847222222222222 0.0203125
0 0.16354166666666667 0.459375 0.025694444444444447 0.01875
0 0.19861111111111113 0.4421875 0.02777777777777778 0.020833333333333332
0 0.2326388888888889 0.4265625 0.03194444444444445 0.019791666666666666
0 0.26805555555555555 0.4109375 0.02638888888888889 0.01875
0 0.3024305555555556 0.3950520833333333 0.02847222222222222 0.019270833333333334
0 0.3357638888888889 0.3794270833333333 0.02847222222222222 0.021354166666666667
0 0.3701388888888889 0.3638020833333333 0.02638888888888889 0.0203125
0 0.40347222222222223 0.34661458333333334 0.02638888888888889 0.018229166666666668
0 0.4375 0.3325520833333333 0.030555555555555558 0.0203125
0 0.4708333333333333 0.31796875 0.030555555555555558 0.019270833333333334
0 0.503125 0.3026041666666667 0.027083333333333334 0.022916666666666665
0 0.5368055555555555 0.28880208333333335 0.029166666666666667 0.0203125
0 0.5684027777777778 0.27317708333333335 0.02847222222222222 0.021354166666666667
0 0.6017361111111111 0.2583333333333333 0.03125 0.020833333333333332
0 0.6354166666666667 0.24479166666666666 0.03194444444444445 0.022916666666666665
0 0.6652777777777779 0.22838541666666667 0.030555555555555558 0.021354166666666667
0 0.6979166666666667 0.21380208333333334 0.029166666666666667 0.019270833333333334
0 0.7291666666666667 0.20026041666666666 0.03194444444444445 0.0203125
0 0.7611111111111112 0.18463541666666666 0.029166666666666667 0.021354166666666667
0 0.24097222222222223 0.6182291666666666 0.03333333333333333 0.020833333333333332
0 0.27708333333333335 0.5994791666666667 0.03194444444444445 0.021875
0 0.31145833333333334 0.5825520833333333 0.03125 0.019270833333333334
0 0.34756944444444443 0.5666666666666667 0.02847222222222222 0.021875
0 0.3819444444444445 0.55 0.02638888888888889 0.022916666666666665
0 0.4173611111111111 0.5325520833333334 0.03194444444444445 0.022395833333333334
0 0.4527777777777778 0.5161458333333333 0.03194444444444445 0.022916666666666665
0 0.4864583333333333 0.50078125 0.03125 0.0234375
0 0.5201388888888889 0.48411458333333335 0.030555555555555558 0.0234375
0 0.5541666666666667 0.4671875 0.030555555555555558 0.021875
0 0.5878472222222223 0.4513020833333333 0.02847222222222222 0.021354166666666667
0 0.6215277777777778 0.4356770833333333 0.02777777777777778 0.019270833333333334
0 0.6531250000000001 0.4203125 0.029861111111111113 0.021875
0 0.6871527777777778 0.4041666666666667 0.03125 0.021875
0 0.71875 0.3885416666666667 0.02638888888888889 0.01875
0 0.7517361111111112 0.3734375 0.029861111111111113 0.020833333333333332
0 0.7833333333333333 0.35703125 0.02777777777777778 0.018229166666666668
0 0.8163194444444445 0.3424479166666667 0.02847222222222222 0.0203125
0 0.8472222222222222 0.328125 0.029166666666666667 0.020833333333333332
0 0.8805555555555555 0.3125 0.029166666666666667 0.019791666666666666
0 0.22743055555555555 0.59765625 0.02847222222222222 0.019270833333333334
0 0.26284722222222223 0.5809895833333333 0.027083333333333334 0.021354166666666667
0 0.2972222222222222 0.56484375 0.029166666666666667 0.0203125
0 0.33263888888888893 0.5473958333333333 0.029166666666666667 0.020833333333333332
0 0.36770833333333336 0.53125 0.029861111111111113 0.020833333333333332
0 0.403125 0.5143229166666666 0.03263888888888889 0.019270833333333334
0 0.4361111111111111 0.4984375 0.029166666666666667 0.019791666666666666
0 0.47118055555555555 0.4828125 0.03263888888888889 0.020833333333333332
0 0.5045138888888889 0.46588541666666666 0.029861111111111113 0.022395833333333334
0 0.5392361111111111 0.45 0.03125 0.019791666666666666
0 0.5743055555555556 0.4356770833333333 0.03194444444444445 0.0203125
0 0.6055555555555556 0.41953124999999997 0.030555555555555558 0.021354166666666667
0 0.638888888888889 0.40338541666666666 0.02777777777777778 0.0203125
0 0.671875 0.3880208333333333 0.029861111111111113 0.020833333333333332
0 0.7041666666666667 0.3723958333333333 0.030555555555555558 0.020833333333333332
0 0.7395833333333334 0.35651041666666666 0.029166666666666667 0.018229166666666668
0 0.7704861111111111 0.34010416666666665 0.029861111111111113 0.020833333333333332
0 0.8024305555555555 0.32708333333333334 0.02847222222222222 0.020833333333333332
0 0.8329861111111111 0.31015625 0.027083333333333334 0.0203125
0 0.8663194444444445 0.2942708333333333 0.027083333333333334 0.019791666666666666
0 0.34618055555555555 0.7434895833333334 0.029861111111111113 0.022395833333333334
0 0.38159722222222225 0.7265625 0.029861111111111113 0.021875
0 0.4184027777777778 0.7083333333333334 0.03125 0.020833333333333332
0 0.4517361111111111 0.6916666666666667 0.029861111111111113 0.021875
0 0.48888888888888893 0.6752604166666667 0.03194444444444445 0.022395833333333334
0 0.5222222222222223 0.65859375 0.029166666666666667 0.022395833333333334
0 0.5576388888888889 0.640625 0.03194444444444445 0.022916666666666665
0 0.5913194444444445 0.6234375 0.029861111111111113 0.02395833333333333
0 0.6253472222222223 0.6075520833333333 0.03263888888888889 0.022395833333333334
0 0.6600694444444445 0.58984375 0.02847222222222222 0.021354166666666667
0 0.6930555555555555 0.5736979166666667 0.029166666666666667 0.019270833333333334
0 0.7263888888888889 0.5567708333333333 0.030555555555555558 0.022916666666666665
0 0.759375 0.5403645833333334 0.029861111111111113 0.0203125
0 0.7927083333333333 0.5247395833333334 0.02847222222222222 0.019270833333333334
0 0.8250000000000001 0.5080729166666667 0.02777777777777778 0.019270833333333334
0 0.8586805555555556 0.49192708333333335 0.02847222222222222 0.022395833333333334
0 0.890625 0.47682291666666665 0.02847222222222222 0.021354166666666667
0 0.9236111111111112 0.4596354166666667 0.030555555555555558 0.021354166666666667
0 0.9555555555555556 0.44427083333333334 0.02777777777777778 0.019791666666666666
0 0.9861111111111112 0.42864583333333334 0.02638888888888889 0.019791666666666666
