0 0.9578358208955224 0.5629194630872483 0.03208955223880597 0.022930648769574943
0 0.9223880597014925 0.5455816554809844 0.029850746268656716 0.019574944071588368
0 0.8873134328358209 0.5304809843400448 0.029850746268656716 0.019574944071588368
0 0.8533582089552239 0.5137024608501118 0.026119402985074626 0.018456375838926176
0 0.8175373134328359 0.496923937360179 0.03208955223880597 0.019574944071588368
0 0.7820895522388059 0.4804250559284116 0.03134328358208955 0.017897091722595078
0 0.7492537313432835 0.46448545861297535 0.028358208955223882 0.01733780760626398
0 0.7130597014925373 0.44798657718120805 0.030597014925373135 0.01901565995525727
0 0.676865671641791 0.43176733780760623 0.028358208955223882 0.01901565995525727
0 0.6436567164179104 0.4161073825503356 0.029104477611940297 0.020134228187919462
0 0.6100746268656716 0.39793064876957496 0.030597014925373135 0.019574944071588368
0 0.5742537313432836 0.3839485458612975 0.03208955223880597 0.024049217002237135
0 0.5384328358208955 0.36549217002237133 0.03208955223880597 0.019574944071588368
0 0.5041044776119403 0.35011185682326623 0.030597014925373135 0.021252796420581654
0 0.4708955223880597 0.3347315436241611 0.03283582089552239 0.019574944071588368
0 0.43395522388059704 0.3176733780760626 0.027611940298507463 0.01901565995525727
0 0.40186567164179104 0.3011744966442953 0.029104477611940297 0.018456375838926176
0 0.366044776119403 0.28467561521252793 0.030597014925373135 0.01901565995525727
0 0.33134328358208953 0.2698545861297539 0.02537313432835821 0.02069351230425056
0 0.2985074626865672 0.2536353467561521 0.029850746268656716 0.019574944071588368
0 0.8671641791044776 0.6904362416107382 0.03134328358208955 0.022930648769574943
0 0.8522388059701492 0.709731543624161 0.029850746268656716 0.022371364653243846
0 0.8279850746268657 0.6739373601789709 0.029104477611940297 0.01901565995525727
0 0.8134328358208955 0.6923937360178971 0.03134328358208955 0.017897091722595078
0 0.7917910447761194 0.6554809843400448 0.034328358208955224 0.021252796420581654
0 0.7772388059701493 0.6753355704697986 0.033582089552238806 0.019574944071588368
0 0.7574626865671642 0.6387024608501118 0.034328358208955224 0.01901565995525727
0 0.7425373134328358 0.6577181208053691 0.034328358208955224 0.020134228187919462
0 0.7220149253731344 0.6222035794183445 0.03208955223880597 0.02181208053691275
0 0.6861940298507463 0.6057046979865772 0.03507462686567164 0.01901565995525727
0 0.6716417910447762 0.6238814317673378 0.03283582089552239 0.025167785234899327
0 0.65 0.5892058165548099 0.03134328358208955 0.02181208053691275
0 0.6347014925373134 0.6071029082774049 0.03208955223880597 0.022930648769574943
0 0.6123134328358208 0.5713087248322147 0.029104477611940297 0.02069351230425056
0 0.5776119402985075 0.5536912751677853 0.034328358208955224 0.01901565995525727
0 0.5619402985074627 0.572986577181208 0.029850746268656716 0.019574944071588368
0 0.598134328358209 0.5920022371364653 0.027611940298507463 0.02069351230425056
0 0.5425373134328358 0.5380313199105146 0.029850746268656716 0.021252796420581654
0 0.5276119402985074 0.5562080536912751 0.03134328358208955 0.019574944071588368
0 0.5063432835820896 0.520413870246085 0.030597014925373135 0.02069351230425056
0 0.4906716417910448 0.5397091722595078 0.030597014925373135 0.020134228187919462
0 0.4716417910447761 0.5044742729306487 0.029850746268656716 0.020134228187919462
0 0.45485074626865674 0.5223713646532439 0.029104477611940297 0.022371364653243846
0 0.43395522388059704 0.48769574944071586 0.029104477611940297 0.01901565995525727
0 0.39813432835820894 0.47063758389261745 0.030597014925373135 0.018456375838926176
0 0.417910447761194 0.5055928411633109 0.026865671641791045 0.020134228187919462
0 0.383955223880597 0.48965324384787473 0.029104477611940297 0.019574944071588368
0 0.3641791044776119 0.45441834451901564 0.03134328358208955 0.018456375838926176
0 0.3466417910447761 0.47259507829977626 0.027611940298507463 0.020134228187919462
0 0.3287313432835821 0.4381991051454139 0.027611940298507463 0.019574944071588368
0 0.29253731343283584 0.4203020134228188 0.028358208955223882 0.018456375838926176
0 0.2574626865671642 0.40380313199105144 0.03134328358208955 0.020134228187919462
0 0.3119402985074627 0.4546979865771812 0.028358208955223882 0.020134228187919462
0 0.2757462686567164 0.4390380313199105 0.030597014925373135 0.021252796420581654
0 0.23955223880597015 0.4225391498881432 0.028358208955223882 0.02069351230425056
0 0.22238805970149253 0.3884228187919463 0.03134328358208955 0.019574944071588368
0 0.1865671641791045 0.3713646532438479 0.028358208955223882 0.01901565995525727
0 0.16865671641791044 0.38926174496644295 0.028358208955223882 0.020134228187919462
0 0.20373134328358208 0.4052013422818792 0.026865671641791045 0.022930648769574943
0 0.7522388059701492 0.8456375838926175 0.029850746268656716 0.022371364653243846
0 0.7149253731343284 0.8280201342281879 0.03134328358208955 0.02181208053691275
0 0.6779850746268656 0.810682326621924 0.029104477611940297 0.024049217002237135
0 0.6421641791044777 0.7916666666666666 0.030597014925373135 0.022930648769574943
0 0.6041044776119403 0.7751677852348993 0.027611940298507463 0.022371364653243846
0 0.5686567164179105 0.7581096196868009 0.028358208955223882 0.024049217002237135
0 0.530223880597015 0.7402125279642058 0.027611940298507463 0.02181208053691275
0 0.49328358208955225 0.7234340044742729 0.028358208955223882 0.022930648769574943
0 0.457089552238806 0.706096196868009 0.030597014925373135 0.022930648769574943
0 0.4197761194029851 0.6879194630872483 0.030597014925373135 0.02348993288590604
0 0.3824626865671642 0.671420581655481 0.029104477611940297 0.024049217002237135
0 0.3447761194029851 0.6549217002237137 0.03134328358208955 0.02348993288590604
0 0.3085820895522388 0.6364653243847874 0.030597014925373135 0.02348993288590604
0 0.27164179104477615 0.6196868008948546 0.029850746268656716 0.021252796420581654
0 0.23507462686567165 0.602069351230425 0.029850746268656716 0.024049217002237135
0 0.19813432835820896 0.5850111856823266 0.030597014925373135 0.024608501118568233
0 0.1623134328358209 0.5673937360178971 0.03208955223880597 0.02181208053691275
0 0.12649253731343282 0.5503355704697986 0.027611940298507463 0.021252796420581654
0 0.09029850746268657 0.5335570469798657 0.028358208955223882 0.022371364653243846
0 0.054850746268656714 0.5145413870246085 0.026119402985074626 0.02348993288590604
