0 0.4445792880258899 0.03543165467625899 0.019147788565264293 0.023381294964028777
0 0.6976806903991369 0.7278776978417266 0.02535059331175836 0.029136690647482016
0 0.6841963322545846 0.6865107913669065 0.02373247033441208 0.03129496402877698
0 0.6699029126213591 0.6487410071942447 0.022653721682847894 0.027697841726618707
0 0.6556094929881338 0.6095323741007195 0.02157497303128371 0.02985611510791367
0 0.4010248112189859 0.9203237410071943 0.026429341963322542 0.026978417266187053
0 0.5405879180151024 0.8285971223021583 0.024002157497303125 0.029136690647482016
0 0.5606796116504854 0.8138489208633094 0.024811218985976265 0.029136690647482016
0 0.5457119741100324 0.7741007194244605 0.023462783171521034 0.025899280575539568
0 0.5277777777777777 0.7872302158273381 0.02427184466019417 0.03129496402877698
0 0.640237324703344 0.5717625899280576 0.02157497303128371 0.026978417266187053
0 0.6272923408845739 0.5345323741007194 0.0221143473570658 0.02733812949640288
0 0.5335760517799353 0.7348920863309353 0.020226537216828478 0.028057553956834534
0 0.5130798274002157 0.7483812949640288 0.02292340884573894 0.02985611510791367
0 0.38888888888888884 0.8776978417266187 0.0221143473570658 0.028057553956834534
0 0.520361380798274 0.6960431654676259 0.020226537216828478 0.02877697841726619
0 0.4995954692556634 0.7086330935251799 0.021305285868392664 0.02733812949640288
0 0.37432578209277234 0.8372302158273381 0.022653721682847894 0.029136690647482016
0 0.3611111111111111 0.7969424460431654 0.020496224379719524 0.026258992805755395
0 0.506472491909385 0.658453237410072 0.02427184466019417 0.029136690647482016
0 0.48772923408845736 0.6697841726618705 0.021844660194174755 0.02733812949640288
0 0.3491100323624595 0.7577338129496403 0.019147788565264293 0.026978417266187053
0 0.334546925566343 0.7178057553956835 0.021844660194174755 0.027697841726618707
0 0.49244875943905064 0.6188848920863309 0.022653721682847894 0.030575539568345324
0 0.47343581445523186 0.6320143884892087 0.02076591154261057 0.028057553956834534
0 0.6140776699029126 0.4976618705035971 0.018878101402373247 0.026978417266187053
0 0.47842502696871625 0.5803956834532374 0.017799352750809058 0.02553956834532374
0 0.45941208198489747 0.5919064748201439 0.019147788565264293 0.029136690647482016
0 0.6003236245954692 0.45989208633093526 0.021035598705501618 0.026258992805755395
0 0.46574973031283706 0.543884892086331 0.0221143473570658 0.025899280575539568
0 0.4460625674217907 0.556294964028777 0.01995685005393743 0.026978417266187053
0 0.322680690399137 0.6785971223021583 0.021305285868392664 0.02553956834532374
0 0.3100053937432578 0.6404676258992806 0.021305285868392664 0.02410071942446043
0 0.29692556634304207 0.6026978417266187 0.02157497303128371 0.026258992805755395
0 0.2837108953613808 0.5652877697841727 0.020496224379719524 0.026258992805755395
0 0.4534789644012945 0.5062949640287769 0.023462783171521034 0.026978417266187053
0 0.4325782092772384 0.5188848920863309 0.020496224379719524 0.02841726618705036
0 0.42098166127292336 0.48075539568345327 0.020496224379719524 0.026978417266187053
0 0.43999460625674214 0.4683453237410072 0.02292340884573894 0.02877697841726619
0 0.5868392664509169 0.4221223021582734 0.0221143473570658 0.022661870503597123
0 0.5730852211434735 0.38723021582733813 0.02427184466019417 0.024820143884892086
0 0.5591963322545846 0.3508992805755396 0.020226537216828478 0.026978417266187053
0 0.5454422869471413 0.31348920863309354 0.020226537216828478 0.022661870503597123
0 0.5327669902912621 0.2780575539568345 0.020226537216828478 0.026618705035971222
0 0.5187432578209277 0.24316546762589927 0.021844660194174755 0.02733812949640288
0 0.5079557713052858 0.20737410071942447 0.021305285868392664 0.02553956834532374
0 0.494606256742179 0.17320143884892086 0.01995685005393743 0.024820143884892086
0 0.42731930960086295 0.43219424460431655 0.021305285868392664 0.03129496402877698
0 0.4077669902912621 0.4433453237410072 0.01995685005393743 0.02553956834532374
0 0.27184466019417475 0.5257194244604316 0.020496224379719524 0.024820143884892086
0 0.4141046386192017 0.39514388489208635 0.021305285868392664 0.026258992805755395
0 0.39468716289104633 0.40593525179856116 0.017529665587918013 0.02553956834532374
0 0.26038295577130527 0.48830935251798563 0.018069039913700107 0.024820143884892086
0 0.4008899676375404 0.35719424460431654 0.019147788565264293 0.028057553956834534
0 0.3820118662351672 0.3710431654676259 0.019687162891046384 0.027697841726618707
0 0.24770765911542608 0.45125899280575543 0.02238403451995685 0.02410071942446043
0 0.3879449838187702 0.32194244604316546 0.018608414239482198 0.025179856115107913
0 0.36798813376483275 0.3339928057553957 0.020226537216828478 0.02410071942446043
0 0.37675296655879176 0.28327338129496404 0.020496224379719524 0.023381294964028777
0 0.3569309600862999 0.29658273381294964 0.019147788565264293 0.02553956834532374
0 0.3638079827400215 0.2501798561151079 0.01995685005393743 0.023381294964028777
0 0.34519956850053934 0.26241007194244603 0.018878101402373247 0.02553956834532374
0 0.22262675296655876 0.3773381294964029 0.02292340884573894 0.02877697841726619
0 0.23476267529665587 0.4156474820143885 0.02076591154261057 0.026258992805755395
0 0.35207659115426104 0.214568345323741 0.019147788565264293 0.026978417266187053
0 0.33252427184466016 0.22571942446043167 0.01995685005393743 0.02553956834532374
0 0.3391316073354908 0.17805755395683454 0.019687162891046384 0.025899280575539568
0 0.3202535059331176 0.19154676258992806 0.019147788565264293 0.026258992805755395
0 0.2106256742179072 0.3402877697841727 0.021035598705501618 0.022302158273381296
0 0.19875943905070118 0.30485611510791366 0.020496224379719524 0.02553956834532374
0 0.18756742179072275 0.27032374100719425 0.02076591154261057 0.02410071942446043
0 0.17516181229773461 0.2339928057553957 0.020226537216828478 0.02050359712230216
0 0.1674757281553398 0.19892086330935252 0.013484358144552318 0.028057553956834534
0 0.30730852211434734 0.15557553956834533 0.019687162891046384 0.02194244604316547
0 0.32672599784250267 0.14586330935251798 0.019147788565264293 0.02410071942446043
0 0.4687162891046386 0.10413669064748202 0.01995685005393743 0.02410071942446043
0 0.48031283710895356 0.1379496402877698 0.021035598705501618 0.026978417266187053
0 0.4561758360302049 0.06816546762589928 0.018608414239482198 0.02410071942446043
0 0.29517259978425026 0.12050359712230216 0.019687162891046384 0.023741007194244605
0 0.3147249190938511 0.10953237410071942 0.019417475728155338 0.023381294964028777
