0 0.08044733044733045 0.4011596548004315 0.030303030303030304 0.02076591154261057
0 0.12157287157287157 0.38807982740021574 0.02958152958152958 0.0221143473570658
0 0.1626984126984127 0.3739212513484358 0.02886002886002886 0.021305285868392664
0 0.20165945165945165 0.3612459546925566 0.032467532467532464 0.019147788565264293
0 0.24206349206349206 0.3485706580366774 0.02886002886002886 0.018608414239482198
0 0.2812049062049062 0.3349514563106796 0.030663780663780664 0.021035598705501618
0 0.32052669552669555 0.3228155339805825 0.029942279942279944 0.02157497303128371
0 0.36002886002886003 0.3093311758360302 0.02813852813852814 0.01995685005393743
0 0.39844877344877344 0.29652103559870546 0.024891774891774892 0.019687162891046384
0 0.4347041847041847 0.28451995685005393 0.026695526695526696 0.019417475728155338
0 0.4733044733044733 0.27130528586839264 0.027417027417027416 0.021035598705501618
0 0.5111832611832612 0.2599784250269687 0.026695526695526696 0.021035598705501618
0 0.5485209235209235 0.247168284789644 0.026334776334776336 0.019687162891046384
0 0.586038961038961 0.23408845738942824 0.025613275613275612 0.018878101402373247
0 0.6224747474747475 0.22235706580366774 0.025613275613275612 0.021305285868392664
0 0.6583694083694084 0.21022114347357063 0.027417027417027416 0.02076591154261057
0 0.6948051948051948 0.19781553398058252 0.027417027417027416 0.020226537216828478
0 0.7310606060606061 0.18716289104638617 0.025613275613275612 0.020496224379719524
0 0.7667748917748918 0.1739482200647249 0.025613275613275612 0.01995685005393743
0 0.8028499278499278 0.16275620280474648 0.024891774891774892 0.019687162891046384
0 0.17117604617604618 0.5408576051779935 0.0284992784992785 0.019147788565264293
0 0.21194083694083693 0.5266990291262136 0.0284992784992785 0.020496224379719524
0 0.25162337662337664 0.5124056094929881 0.024891774891774892 0.019417475728155338
0 0.1856060606060606 0.5596008629989212 0.02922077922077922 0.020496224379719524
0 0.22564935064935066 0.5462513484358144 0.029942279942279944 0.02238403451995685
0 0.26406926406926406 0.5324973031283711 0.02813852813852814 0.021305285868392664
0 0.30393217893217894 0.5192826321467098 0.030663780663780664 0.021844660194174755
0 0.2905844155844156 0.49932578209277234 0.0284992784992785 0.021844660194174755
0 0.3412698412698413 0.5049892125134843 0.02813852813852814 0.021844660194174755
0 0.33080808080808083 0.48597626752966555 0.032467532467532464 0.02373247033441208
0 0.3685064935064935 0.47276159654800426 0.027777777777777776 0.02157497303128371
0 0.4083694083694084 0.45860302049622437 0.031746031746031744 0.02292340884573894
0 0.37987012987012986 0.49231391585760514 0.02886002886002886 0.023462783171521034
0 0.41792929292929293 0.47842502696871625 0.030663780663780664 0.020496224379719524
0 0.45707070707070707 0.465480043149946 0.02813852813852814 0.021035598705501618
0 0.49422799422799424 0.45253505933117577 0.02886002886002886 0.02373247033441208
0 0.5319264069264069 0.43945523193096003 0.031385281385281384 0.02238403451995685
0 0.5687229437229437 0.42677993527508085 0.0284992784992785 0.02238403451995685
0 0.6055194805194806 0.4135652642934196 0.030663780663780664 0.02238403451995685
0 0.6421356421356421 0.4010248112189859 0.031024531024531024 0.02157497303128371
0 0.44498556998557 0.4459277238403452 0.02922077922077922 0.019687162891046384
0 0.48214285714285715 0.4340614886731391 0.02922077922077922 0.019687162891046384
0 0.5198412698412699 0.42017259978425026 0.031746031746031744 0.019417475728155338
0 0.5562770562770563 0.40682308522114347 0.026695526695526696 0.02076591154261057
0 0.5941558441558441 0.3941477885652643 0.02886002886002886 0.019147788565264293
0 0.6296897546897547 0.38120280474649404 0.027056277056277056 0.018069039913700107
0 0.6782106782106783 0.38807982740021574 0.024531024531024532 0.01995685005393743
0 0.6673881673881674 0.3682578209277238 0.02813852813852814 0.018608414239482198
0 0.7027417027417028 0.3569309600862999 0.025974025974025976 0.018608414239482198
0 0.7164502164502164 0.37621359223300965 0.02813852813852814 0.018878101402373247
0 0.7503607503607503 0.3642125134843581 0.02813852813852814 0.020226537216828478
0 0.7388167388167388 0.34398597626752964 0.026695526695526696 0.021305285868392664
0 0.7747113997113997 0.3315803667745415 0.024170274170274172 0.018608414239482198
0 0.7867965367965368 0.35153721682847894 0.025252525252525252 0.019687162891046384
0 0.8210678210678211 0.3384573894282632 0.023809523809523808 0.01995685005393743
0 0.8558802308802309 0.32672599784250267 0.025613275613275612 0.018608414239482198
0 0.8905122655122655 0.3140507011866235 0.026334776334776336 0.018069039913700107
0 0.810064935064935 0.3194444444444444 0.026334776334776336 0.019147788565264293
0 0.8461399711399712 0.3069039913700108 0.025613275613275612 0.01995685005393743
0 0.8807720057720058 0.2955771305285868 0.025613275613275612 0.019417475728155338
0 0.27435064935064934 0.6975458468176914 0.030663780663780664 0.02238403451995685
0 0.31385281385281383 0.6831175836030204 0.02813852813852814 0.01995685005393743
0 0.35209235209235207 0.6688241639697949 0.02813852813852814 0.021035598705501618
0 0.38961038961038963 0.6550701186623517 0.025974025974025976 0.02157497303128371
0 0.42766955266955264 0.6407766990291262 0.025613275613275612 0.020496224379719524
0 0.4660894660894661 0.6264832793959006 0.027417027417027416 0.021035598705501618
0 0.5036075036075036 0.6142125134843581 0.02813852813852814 0.019147788565264293
0 0.5407647907647908 0.6012675296655878 0.02813852813852814 0.020226537216828478
0 0.577922077922078 0.5871089536138079 0.027417027417027416 0.02157497303128371
0 0.6147186147186147 0.5736245954692556 0.026695526695526696 0.020496224379719524
0 0.6498917748917749 0.5593311758360302 0.025613275613275612 0.02157497303128371
0 0.6872294372294372 0.5462513484358144 0.02813852813852814 0.018608414239482198
0 0.7229437229437229 0.5329018338727076 0.025252525252525252 0.020496224379719524
0 0.7582972582972582 0.5190129449838188 0.024531024531024532 0.019687162891046384
0 0.7938311688311688 0.5067421790722761 0.025613275613275612 0.02157497303128371
0 0.8281024531024531 0.4939320388349514 0.025613275613275612 0.018608414239482198
0 0.8636363636363636 0.48139158576051777 0.023809523809523808 0.019417475728155338
0 0.898989898989899 0.4687162891046386 0.023088023088023088 0.018338727076591153
0 0.9332611832611832 0.4559061488673139 0.022366522366522368 0.019147788565264293
0 0.9671717171717171 0.4439050701186623 0.023809523809523808 0.021035598705501618
