0 0.00275 0.4463333333333333 0.006500000000000001 0.019333333333333334
0 0.03 0.39399999999999996 0.044 0.058666666666666666
0 0.0765 0.3413333333333333 0.046 0.06133333333333333
0 0.12275 0.29033333333333333 0.0475 0.06066666666666667
0 0.16625 0.241 0.0445 0.05533333333333333
0 0.21 0.19166666666666665 0.045 0.049999999999999996
0 0.2565 0.13966666666666666 0.043000000000000003 0.05533333333333333
0 0.30175 0.09 0.0425 0.052
0 0.34575 0.03766666666666667 0.0395 0.051333333333333335
0 0.39175 0.007 0.029500000000000002 0.015333333333333332
