0 0.8371089536138079 0.8037264833574529 0.019417475728155338 0.026410998552821995
0 0.8248381877022652 0.7689942112879884 0.019687162891046384 0.02496382054992764
0 0.8135113268608414 0.7329956584659912 0.02076591154261057 0.026049204052098405
0 0.8020496224379718 0.695369030390738 0.02157497303128371 0.026772793053545584
0 0.7900485436893203 0.6591895803183792 0.021844660194174755 0.026772793053545584
0 0.7769687162891046 0.6221056439942112 0.020496224379719524 0.02568740955137482
0 0.7040183387270765 0.8815123010130246 0.018608414239482198 0.023516642547033284
0 0.6856796116504854 0.8930897250361793 0.019147788565264293 0.022793053545586105
0 0.555690399137001 0.9683429811866859 0.018608414239482198 0.02424023154848046
0 0.692017259978425 0.8460564399421128 0.018878101402373247 0.02424023154848046
0 0.6730043149946062 0.8570911722141823 0.018069039913700107 0.023154848046309694
0 0.5438241639697949 0.9346960926193921 0.019147788565264293 0.023516642547033284
0 0.6796116504854368 0.8113241678726483 0.020496224379719524 0.02424023154848046
0 0.6608683926645091 0.8227206946454413 0.019147788565264293 0.02460202604920405
0 0.5303398058252426 0.8983357452966714 0.019687162891046384 0.02532561505065123
0 0.6681499460625674 0.774602026049204 0.019147788565264293 0.026772793053545584
0 0.6485976267529665 0.7870839363241678 0.018878101402373247 0.02568740955137482
0 0.5179341963322546 0.8639652677279305 0.020226537216828478 0.026049204052098405
0 0.6558791801510248 0.7405933429811866 0.021035598705501618 0.02821997105643994
0 0.6363268608414239 0.750904486251809 0.018069039913700107 0.02424023154848046
0 0.5056634304207119 0.8286903039073805 0.018878101402373247 0.023516642547033284
0 0.6430690399137 0.7045947901591896 0.019687162891046384 0.02424023154848046
0 0.6237864077669902 0.7152677279305354 0.021035598705501618 0.027496382054992764
0 0.4931229773462783 0.7945007235890014 0.02292340884573894 0.026049204052098405
0 0.48085221143473567 0.7592257597684514 0.021035598705501618 0.026410998552821995
0 0.6310679611650485 0.6667872648335745 0.0221143473570658 0.027496382054992764
0 0.611111111111111 0.680354558610709 0.021035598705501618 0.02568740955137482
0 0.7653721682847896 0.5868306801736614 0.020496224379719524 0.027496382054992764
0 0.6179881337648327 0.6297033285094066 0.021844660194174755 0.02785817655571635
0 0.5981661272923409 0.642547033285094 0.02319309600862999 0.026049204052098405
0 0.752831715210356 0.5484804630969609 0.02238403451995685 0.026772793053545584
0 0.605177993527508 0.5944283646888567 0.0221143473570658 0.026772793053545584
0 0.5852211434735706 0.6056439942112879 0.021035598705501618 0.026772793053545584
0 0.46682847896440127 0.722684515195369 0.02157497303128371 0.02568740955137482
0 0.45361380798274 0.6875904486251808 0.020496224379719524 0.02496382054992764
0 0.44066882416396974 0.6499638205499276 0.021035598705501618 0.02568740955137482
0 0.572950377562028 0.5698263386396526 0.021844660194174755 0.030390738060781474
0 0.42610571736785324 0.6146888567293777 0.021035598705501618 0.023878437047756874
0 0.412891046386192 0.5763386396526773 0.021035598705501618 0.027496382054992764
0 0.39940668824163966 0.5408827785817655 0.020496224379719524 0.026772793053545584
0 0.7405609492988133 0.5101302460202605 0.019417475728155338 0.027496382054992764
0 0.7281553398058251 0.4725036179450072 0.021035598705501618 0.02821997105643994
0 0.5927723840345199 0.5573444283646888 0.019417475728155338 0.02496382054992764
0 0.7164239482200646 0.4354196816208393 0.021844660194174755 0.02930535455861071
0 0.7033441208198489 0.3972503617945007 0.01995685005393743 0.026049204052098405
0 0.5790183387270765 0.519356005788712 0.020496224379719524 0.02930535455861071
0 0.5593311758360302 0.532561505065123 0.01995685005393743 0.027496382054992764
0 0.5668824163969794 0.4822720694645441 0.020496224379719524 0.027496382054992764
0 0.6906688241639697 0.35890014471780024 0.021035598705501618 0.02532561505065123
0 0.5539374325782093 0.44464544138929085 0.01995685005393743 0.026772793053545584
0 0.5334412081984897 0.45712735166425467 0.01995685005393743 0.027134587554269174
0 0.6774541531823085 0.31964544138929085 0.01995685005393743 0.02930535455861071
0 0.5467907227615965 0.4947539797395079 0.021305285868392664 0.02568740955137482
0 0.5393743257820928 0.4064761215629522 0.021035598705501618 0.027134587554269174
0 0.5209007551240561 0.4175108538350217 0.023462783171521034 0.02532561505065123
0 0.3851132686084142 0.5023516642547033 0.021035598705501618 0.02858176555716353
0 0.6638349514563107 0.2821997105643994 0.02076591154261057 0.02821997105643994
0 0.6511596548004315 0.24222141823444282 0.02076591154261057 0.02785817655571635
0 0.6384843581445523 0.20133863965267726 0.020226537216828478 0.02496382054992764
0 0.625539374325782 0.1609985528219971 0.021305285868392664 0.02532561505065123
0 0.6107065803667745 0.12120115774240231 0.02076591154261057 0.027496382054992764
0 0.5984358144552319 0.07959479015918958 0.021035598705501618 0.026772793053545584
0 0.5264293419633225 0.3672214182344428 0.021035598705501618 0.02821997105643994
0 0.5079557713052858 0.3816931982633864 0.020226537216828478 0.026772793053545584
0 0.37297734627831713 0.46454413892908825 0.020496224379719524 0.02894356005788712
0 0.5136192017259978 0.32760492040520983 0.02238403451995685 0.030028943560057884
0 0.4933926645091693 0.3418958031837916 0.021844660194174755 0.02821997105643994
0 0.3589536138079827 0.42800289435600575 0.02157497303128371 0.027496382054992764
0 0.3460086299892125 0.38892908827785816 0.0221143473570658 0.029667149059334295
0 0.5004045307443366 0.2885311143270622 0.02292340884573894 0.030752532561505064
0 0.4800431499460625 0.3020984081041968 0.020496224379719524 0.027496382054992764
0 0.4867853290183387 0.2496382054992764 0.021035598705501618 0.027496382054992764
0 0.4666936353829557 0.26338639652677276 0.02076591154261057 0.02894356005788712
0 0.4590075512405609 0.16968162083936322 0.020496224379719524 0.02894356005788712
0 0.47343581445523186 0.21128798842257596 0.02292340884573894 0.029667149059334295
0 0.4528047464940668 0.22376989869753977 0.020496224379719524 0.027134587554269174
0 0.43932038834951453 0.18541968162083936 0.0221143473570658 0.02858176555716353
0 0.3303667745415318 0.3509406657018813 0.021035598705501618 0.027496382054992764
0 0.31688241639697945 0.3125904486251809 0.020496224379719524 0.026772793053545584
0 0.30272384034519956 0.27460202604920403 0.02292340884573894 0.02821997105643994
