0 0.1615 0.298 0.016 0.021333333333333333
0 0.196125 0.297 0.01725 0.020666666666666667
0 0.228125 0.29733333333333334 0.01675 0.021333333333333333
0 0.262375 0.2965 0.01725 0.019666666666666666
0 0.29575 0.29766666666666663 0.016 0.022
0 0.329125 0.2965 0.01825 0.021666666666666667
0 0.36225 0.29733333333333334 0.0165 0.02
0 0.395125 0.29716666666666663 0.01675 0.023
0 0.428875 0.29683333333333334 0.01625 0.022333333333333334
0 0.46237500000000004 0.29616666666666663 0.01575 0.022333333333333334
0 0.4955 0.29583333333333334 0.0185 0.023
0 0.528875 0.29716666666666663 0.01625 0.023
0 0.562375 0.2965 0.01625 0.021666666666666667
0 0.597 0.29833333333333334 0.015 0.020666666666666667
0 0.630875 0.298 0.01725 0.021333333333333333
0 0.662875 0.29766666666666663 0.01675 0.025333333333333333
0 0.697125 0.29916666666666664 0.01725 0.023666666666666666
0 0.7305 0.2985 0.0185 0.023666666666666666
0 0.76375 0.2985 0.019 0.023666666666666666
0 0.798 0.29883333333333334 0.0185 0.023
0 0.1545 0.508 0.019 0.022
0 0.15325 0.5395 0.018000000000000002 0.023666666666666666
0 0.18837500000000001 0.508 0.017750000000000002 0.02333333333333333
0 0.186875 0.5395 0.017750000000000002 0.023666666666666666
0 0.22312500000000002 0.509 0.01825 0.02333333333333333
0 0.22137500000000002 0.5396666666666666 0.017750000000000002 0.024666666666666667
0 0.25625 0.508 0.017 0.02333333333333333
0 0.2555 0.5401666666666667 0.017 0.023666666666666666
0 0.291375 0.5085 0.017750000000000002 0.022333333333333334
0 0.28975 0.539 0.0175 0.022666666666666665
0 0.324375 0.5085 0.017750000000000002 0.023
0 0.323375 0.5398333333333333 0.01825 0.024333333333333332
0 0.358875 0.5086666666666666 0.017750000000000002 0.022666666666666665
0 0.39337500000000003 0.5088333333333334 0.01625 0.023666666666666666
0 0.357625 0.5395 0.01675 0.021666666666666667
0 0.39237500000000003 0.5408333333333333 0.01725 0.022333333333333334
0 0.42725 0.5086666666666666 0.019 0.022666666666666665
0 0.426875 0.5413333333333333 0.01825 0.02333333333333333
0 0.46187500000000004 0.5088333333333334 0.017750000000000002 0.021666666666666667
0 0.496375 0.5086666666666666 0.01625 0.022666666666666665
0 0.530125 0.5081666666666667 0.017750000000000002 0.023666666666666666
0 0.564375 0.508 0.017750000000000002 0.02333333333333333
0 0.59875 0.5095 0.0165 0.024333333333333332
0 0.63375 0.509 0.018000000000000002 0.02333333333333333
0 0.461 0.5405 0.019 0.022333333333333334
0 0.495875 0.542 0.01575 0.026
0 0.530125 0.5401666666666667 0.017750000000000002 0.021666666666666667
0 0.56475 0.5408333333333333 0.018000000000000002 0.023666666666666666
0 0.599375 0.5421666666666667 0.01725 0.023666666666666666
0 0.63325 0.541 0.018000000000000002 0.02333333333333333
0 0.668125 0.5105 0.01825 0.023666666666666666
0 0.6677500000000001 0.5408333333333333 0.018000000000000002 0.023666666666666666
0 0.701625 0.509 0.01875 0.022666666666666665
0 0.701625 0.541 0.01925 0.024
0 0.736 0.5091666666666667 0.019 0.024999999999999998
0 0.7691250000000001 0.5108333333333334 0.01925 0.024333333333333332
0 0.8045 0.5093333333333333 0.019 0.022666666666666665
0 0.736125 0.54 0.01725 0.022
0 0.7705 0.5416666666666666 0.0185 0.022666666666666665
0 0.805125 0.542 0.01925 0.022
0 0.14475 0.7613333333333333 0.017 0.026666666666666665
0 0.180625 0.7621666666666667 0.01625 0.023
0 0.214875 0.7628333333333334 0.01575 0.023666666666666666
0 0.249625 0.7623333333333333 0.01575 0.024666666666666667
0 0.28525 0.7621666666666667 0.0175 0.025666666666666667
0 0.3205 0.7625 0.017 0.026333333333333334
0 0.355125 0.7626666666666666 0.01675 0.026666666666666665
0 0.39137500000000003 0.7626666666666666 0.01825 0.024666666666666667
0 0.426 0.7635 0.017 0.024333333333333332
0 0.460625 0.7626666666666666 0.01675 0.026666666666666665
0 0.4955 0.7648333333333333 0.0185 0.025666666666666667
0 0.531125 0.7626666666666666 0.01925 0.024666666666666667
0 0.56525 0.7638333333333333 0.0185 0.027666666666666666
0 0.60075 0.7661666666666667 0.017 0.026333333333333334
0 0.63575 0.7638333333333333 0.017 0.027666666666666666
0 0.67125 0.7635 0.0185 0.024333333333333332
0 0.705875 0.764 0.01875 0.02733333333333333
0 0.741125 0.7645 0.017750000000000002 0.026333333333333334
0 0.775625 0.7648333333333333 0.017750000000000002 0.025666666666666667
0 0.8113750000000001 0.7631666666666667 0.01975 0.027666666666666666
