0 0.09912718204488778 0.3529534109816972 0.02493765586034913 0.032029950083194675
0 0.1396508728179551 0.3421381031613977 0.025561097256857856 0.03286189683860233
0 0.18064214463840397 0.3306988352745424 0.026496259351620945 0.02911813643926789
0 0.22100997506234413 0.3194675540765391 0.02369077306733167 0.030782029950083195
0 0.262001246882793 0.3071963394342762 0.024625935162094763 0.03286189683860233
0 0.3037718204488778 0.29679700499168055 0.022755610972568577 0.03618968386023295
0 0.3442955112219451 0.28410981697171384 0.02524937655860349 0.036605657237936774
0 0.38497506234413964 0.2718386023294509 0.024314214463840397 0.035357737104825294
0 0.1691084788029925 0.9292845257903495 0.026496259351620945 0.03826955074875208
0 0.1354426433915212 0.6528702163061564 0.025872817955112218 0.03452579034941764
0 0.13045511221945136 0.6139767054908486 0.024625935162094763 0.03410981697171381
0 0.1719139650872818 0.6027454242928453 0.024625935162094763 0.036605657237936774
0 0.2133728179551122 0.591514143094842 0.02524937655860349 0.036605657237936774
0 0.255143391521197 0.5798668885191348 0.024625935162094763 0.036605657237936774
0 0.2969139650872818 0.5688435940099834 0.024625935162094763 0.03868552412645591
0 0.17721321695760597 0.641846921797005 0.02524937655860349 0.036605657237936774
0 0.21836034912718205 0.6304076539101497 0.026496259351620945 0.03286189683860233
0 0.25997506234413964 0.6187603993344426 0.022443890274314215 0.03452579034941764
0 0.30252493765586036 0.6064891846921797 0.024625935162094763 0.0324459234608985
0 0.3452306733167082 0.5944259567387687 0.024625935162094763 0.03410981697171381
0 0.3396197007481297 0.5561564059900167 0.024625935162094763 0.036605657237936774
0 0.3799875311720698 0.5451331114808652 0.026184538653366583 0.037853577371048254
0 0.38575436408977554 0.5838186356073212 0.025872817955112218 0.03286189683860233
0 0.4278366583541147 0.5715474209650583 0.025872817955112218 0.03577371048252912
0 0.4226932668329177 0.5332778702163061 0.02369077306733167 0.03161397670549085
0 0.4647755610972569 0.521630615640599 0.025561097256857856 0.03577371048252912
0 0.4708541147132169 0.5617720465890184 0.02524937655860349 0.035357737104825294
0 0.5124688279301746 0.5492928452579036 0.02493765586034913 0.03369384359400998
0 0.5540835411471322 0.5374376039933444 0.025872817955112218 0.033277870216306155
0 0.5969451371571072 0.5257903494176372 0.02743142144638404 0.03410981697171381
0 0.6379364089775561 0.5149750415973378 0.025872817955112218 0.036605657237936774
0 0.5065461346633416 0.5103993344425957 0.024314214463840397 0.03410981697171381
0 0.5481608478802993 0.4987520798668885 0.023379052369077308 0.0324459234608985
0 0.5902431421446384 0.48648086522462564 0.024002493765586035 0.03369384359400998
0 0.631857855361596 0.47545757071547423 0.024314214463840397 0.0324459234608985
0 0.6739401496259352 0.4623544093178037 0.02493765586034913 0.032029950083194675
0 0.6793952618453866 0.5020798668885191 0.02524937655860349 0.0324459234608985
0 0.7222568578553615 0.4906405990016639 0.02680798004987531 0.03286189683860233
0 0.7634039900249376 0.47920133111480867 0.02493765586034913 0.03161397670549085
0 0.8057980049875312 0.4675540765391015 0.02680798004987531 0.033277870216306155
0 0.8471009975062344 0.45694675540765395 0.024625935162094763 0.03452579034941764
0 0.7155548628428927 0.45133111480865223 0.02524937655860349 0.030782029950083195
0 0.7577930174563591 0.44051580698835274 0.025561097256857856 0.033277870216306155
0 0.7995635910224439 0.42949251247920134 0.02493765586034913 0.032029950083194675
0 0.8402431421446384 0.41742928452579037 0.02524937655860349 0.03286189683860233
0 0.8896508728179551 0.44509151414309484 0.02493765586034913 0.03161397670549085
0 0.9309538653366584 0.4338602329450915 0.024625935162094763 0.030782029950083195
0 0.8823254364089775 0.40640599001663896 0.025872817955112218 0.029950083194675542
0 0.9242518703241895 0.3949667221297837 0.02493765586034913 0.03452579034941764
0 0.21228179551122195 0.9163893510815309 0.02493765586034913 0.03577371048252912
0 0.2548316708229426 0.9028702163061564 0.027743142144638404 0.03452579034941764
0 0.2967581047381546 0.8924708818635607 0.02743142144638404 0.03868552412645591
0 0.3397755610972569 0.8795757071547421 0.02493765586034913 0.032029950083194675
0 0.38294887780548625 0.8673044925124792 0.02524937655860349 0.03826955074875208
0 0.42503117206982544 0.8573211314475874 0.024625935162094763 0.03577371048252912
0 0.4680486284289277 0.8440099833610649 0.026496259351620945 0.03494176372712147
0 0.5107543640897756 0.8329866888519135 0.026496259351620945 0.03452579034941764
0 0.5542394014962594 0.8219633943427621 0.025561097256857856 0.03494176372712147
0 0.5963216957605985 0.8084442595673877 0.02743142144638404 0.03618968386023295
0 0.6401184538653366 0.7970049916805325 0.025872817955112218 0.03577371048252912
0 0.682356608478803 0.7847337770382695 0.02680798004987531 0.03452579034941764
0 0.7255299251870324 0.7732945091514143 0.026496259351620945 0.03577371048252912
0 0.7683915211970075 0.7612312811980033 0.026184538653366583 0.036605657237936774
0 0.8117206982543641 0.7495840266222962 0.028678304239401497 0.03494176372712147
0 0.8545822942643392 0.7368968386023295 0.027119700748129676 0.03618968386023295
0 0.8975997506234413 0.7256655574043261 0.027743142144638404 0.035357737104825294
0 0.939214463840399 0.7133943427620633 0.02680798004987531 0.036605657237936774
0 0.982076059850374 0.6988352745424293 0.029613466334164586 0.03826955074875208
0 0.42565461346633415 0.2608153078202995 0.023379052369077308 0.03410981697171381
0 0.4674251870324189 0.2502079866888519 0.024625935162094763 0.03369384359400998
0 0.5070137157107232 0.23856073211314477 0.027119700748129676 0.035357737104825294
0 0.5484725685785536 0.2298252911813644 0.02524937655860349 0.03286189683860233
0 0.5893079800498753 0.21651414309484193 0.024002493765586035 0.032029950083194675
0 0.630143391521197 0.20611480865224627 0.024625935162094763 0.03119800332778702
0 0.6709788029925187 0.19571547420965058 0.024625935162094763 0.03369384359400998
0 0.7111907730673317 0.18427620632279534 0.022755610972568577 0.030782029950083195
0 0.752649625935162 0.17325291181364394 0.024002493765586035 0.03286189683860233
0 0.7937967581047382 0.16160565723793677 0.02524937655860349 0.03452579034941764
0 0.8333852867830424 0.1497504159733777 0.022755610972568577 0.02745424292845258
0 0.8751558603491272 0.13997504159733778 0.027743142144638404 0.028702163061564062
