0 0.140625 0.265625 0.028125 0.025
0 0.214844 0.269271 0.028125 0.021875
0 0.289062 0.270313 0.028125 0.026042
0 0.356641 0.278646 0.027344 0.030208
0 0.430078 0.28125 0.028906 0.022917
0 0.498438 0.279167 0.025 0.027083
0 0.571484 0.281771 0.027344 0.032292
0 0.641016 0.289062 0.028906 0.028125
0 0.707813 0.286979 0.028125 0.023958
0 0.780078 0.2875 0.032031 0.022917
0 0.142187 0.647917 0.035938 0.033333
0 0.215625 0.652083 0.034375 0.033333
0 0.283203 0.655208 0.032031 0.027083
0 0.358203 0.654167 0.027344 0.025
0 0.423828 0.658854 0.028906 0.030208
0 0.489844 0.665104 0.029688 0.023958
0 0.560547 0.663542 0.030469 0.025
0 0.630859 0.667708 0.030469 0.027083
0 0.7 0.670312 0.028125 0.021875
0 0.772266 0.673958 0.036719 0.025
