0 0.0185 0.492 0.038 0.06666666666666667
0 0.0635 0.437 0.044 0.05933333333333333
0 0.1115 0.38366666666666666 0.043000000000000003 0.056666666666666664
0 0.158 0.33 0.044 0.05466666666666666
0 0.20475000000000002 0.27199999999999996 0.0425 0.05466666666666666
0 0.25225000000000003 0.21633333333333332 0.0415 0.056666666666666664
0 0.29975 0.163 0.0415 0.05533333333333333
0 0.34625 0.10833333333333332 0.0405 0.048666666666666664
0 0.393 0.05366666666666667 0.043000000000000003 0.054
0 0.4395 0.014666666666666666 0.048 0.030666666666666665
