0 0.6 0.33958333333333335 0.0125 0.007291666666666667
0 0.5878472222222223 0.3494791666666667 0.014583333333333334 0.009375
0 0.576388888888889 0.35859375 0.01388888888888889 0.008854166666666666
0 0.5652777777777778 0.36822916666666666 0.01388888888888889 0.009375
0 0.5520833333333334 0.378125 0.0125 0.010416666666666666
0 0.5399305555555556 0.3880208333333333 0.014583333333333334 0.010416666666666666
0 0.5288194444444445 0.39739583333333334 0.011805555555555555 0.009375
0 0.5163194444444444 0.40598958333333335 0.011805555555555555 0.008854166666666666
0 0.5038194444444445 0.4161458333333333 0.013194444444444444 0.010416666666666666
0 0.49270833333333336 0.42526041666666664 0.011805555555555555 0.008854166666666666
0 0.48055555555555557 0.4356770833333333 0.0125 0.008854166666666666
0 0.46805555555555556 0.44479166666666664 0.011111111111111112 0.009375
0 0.45625000000000004 0.4549479166666667 0.01388888888888889 0.008854166666666666
0 0.4447916666666667 0.46484375 0.013194444444444444 0.0109375
0 0.43125 0.4752604166666667 0.01388888888888889 0.009895833333333333
0 0.4201388888888889 0.4848958333333333 0.01388888888888889 0.009375
0 0.4076388888888889 0.49505208333333334 0.011111111111111112 0.008854166666666666
0 0.39513888888888893 0.5052083333333334 0.0125 0.010416666666666666
0 0.3826388888888889 0.5143229166666666 0.01388888888888889 0.009895833333333333
0 0.36909722222222224 0.5244791666666666 0.014583333333333334 0.010416666666666666
0 0.6600694444444445 0.38307291666666665 0.010416666666666668 0.008854166666666666
0 0.6489583333333333 0.3927083333333333 0.010416666666666668 0.007291666666666667
0 0.6371527777777778 0.40208333333333335 0.011805555555555555 0.008333333333333333
0 0.6256944444444444 0.4114583333333333 0.011111111111111112 0.009375
0 0.6135416666666667 0.42109375 0.011805555555555555 0.0078125
0 0.6017361111111111 0.43072916666666666 0.011805555555555555 0.009375
0 0.5902777777777778 0.44036458333333334 0.0125 0.009895833333333333
0 0.578125 0.45026041666666666 0.013194444444444444 0.009895833333333333
0 0.5666666666666667 0.46015625 0.011111111111111112 0.008854166666666666
0 0.5541666666666667 0.46901041666666665 0.01388888888888889 0.009895833333333333
0 0.5434027777777778 0.47890625 0.011805555555555555 0.008854166666666666
0 0.5305555555555556 0.4890625 0.0125 0.009375
0 0.5180555555555556 0.49895833333333334 0.01388888888888889 0.010416666666666666
0 0.5065972222222223 0.5088541666666666 0.011805555555555555 0.010416666666666666
0 0.49444444444444446 0.5184895833333333 0.01388888888888889 0.008854166666666666
0 0.48194444444444445 0.5286458333333334 0.01388888888888889 0.010416666666666666
0 0.4701388888888889 0.5388020833333333 0.015277777777777779 0.009895833333333333
0 0.45763888888888893 0.5486979166666667 0.01388888888888889 0.009895833333333333
0 0.4461805555555556 0.55859375 0.015972222222222224 0.0109375
0 0.43368055555555557 0.56875 0.013194444444444444 0.010416666666666666
0 0.6690972222222222 0.3885416666666667 0.014583333333333334 0.010416666666666666
0 0.6572916666666667 0.3984375 0.013194444444444444 0.010416666666666666
0 0.6465277777777778 0.40859375 0.015277777777777779 0.0109375
0 0.634375 0.41770833333333335 0.015972222222222224 0.011458333333333333
0 0.6218750000000001 0.4270833333333333 0.014583333333333334 0.010416666666666666
0 0.6104166666666667 0.43697916666666664 0.015277777777777779 0.009375
0 0.5986111111111111 0.44687499999999997 0.018055555555555557 0.010416666666666666
0 0.5864583333333333 0.45598958333333334 0.014583333333333334 0.0109375
0 0.5760416666666667 0.46640624999999997 0.014583333333333334 0.009895833333333333
0 0.5638888888888889 0.47604166666666664 0.01388888888888889 0.010416666666666666
0 0.5520833333333334 0.48541666666666666 0.01388888888888889 0.010416666666666666
0 0.5395833333333333 0.49505208333333334 0.015277777777777779 0.0109375
0 0.5270833333333333 0.5052083333333334 0.01388888888888889 0.009375
0 0.5149305555555556 0.5151041666666667 0.014583333333333334 0.009375
0 0.503125 0.5244791666666666 0.014583333333333334 0.010416666666666666
0 0.49097222222222225 0.534375 0.015277777777777779 0.011458333333333333
0 0.47881944444444446 0.5440104166666666 0.015972222222222224 0.011979166666666666
0 0.4666666666666667 0.55390625 0.01388888888888889 0.0109375
0 0.4545138888888889 0.5638020833333334 0.015972222222222224 0.0109375
0 0.44236111111111115 0.57421875 0.015277777777777779 0.009895833333333333
0 0.7291666666666667 0.4322916666666667 0.011111111111111112 0.010416666666666666
0 0.7180555555555556 0.4419270833333333 0.011111111111111112 0.009895833333333333
0 0.7069444444444445 0.4513020833333333 0.01388888888888889 0.009895833333333333
0 0.6947916666666667 0.46067708333333335 0.013194444444444444 0.008854166666666666
0 0.6829861111111112 0.4705729166666667 0.011805555555555555 0.008854166666666666
0 0.6715277777777778 0.4796875 0.0125 0.010416666666666666
0 0.6597222222222222 0.4901041666666667 0.0125 0.010416666666666666
0 0.6482638888888889 0.4986979166666667 0.011805555555555555 0.0109375
0 0.6364583333333333 0.5088541666666666 0.014583333333333334 0.009375
0 0.6243055555555556 0.5192708333333333 0.01388888888888889 0.010416666666666666
0 0.6125 0.52890625 0.01388888888888889 0.011979166666666666
0 0.6013888888888889 0.5388020833333333 0.0125 0.009895833333333333
0 0.5899305555555556 0.54765625 0.011805555555555555 0.0109375
0 0.5777777777777778 0.5583333333333333 0.01388888888888889 0.009375
0 0.565625 0.5684895833333333 0.013194444444444444 0.009895833333333333
0 0.5545138888888889 0.57890625 0.011805555555555555 0.009895833333333333
0 0.5420138888888889 0.58828125 0.011805555555555555 0.009895833333333333
0 0.5298611111111111 0.5981770833333333 0.0125 0.009895833333333333
0 0.5180555555555556 0.6078125 0.011111111111111112 0.010416666666666666
0 0.5055555555555555 0.61875 0.0125 0.009375
