0 0.7413194444444444 0.5471354166666667 0.011805555555555555 0.0067708333333333336
0 0.7395833333333334 0.5609375 0.011111111111111112 0.008333333333333333
0 0.7378472222222222 0.5747395833333333 0.009027777777777779 0.0067708333333333336
0 0.7381944444444445 0.58828125 0.008333333333333333 0.005729166666666666
0 0.7381944444444445 0.6015625 0.009722222222222222 0.00625
0 0.7378472222222222 0.6145833333333334 0.009027777777777779 0.00625
0 0.7378472222222222 0.6291666666666667 0.009027777777777779 0.007291666666666667
0 0.7368055555555556 0.64296875 0.008333333333333333 0.005729166666666666
0 0.7371527777777778 0.65625 0.010416666666666668 0.00625
0 0.7357638888888889 0.6700520833333333 0.009027777777777779 0.0067708333333333336
0 0.7354166666666667 0.6841145833333333 0.009722222222222222 0.0067708333333333336
0 0.7350694444444444 0.69765625 0.009027777777777779 0.0067708333333333336
0 0.8232638888888889 0.5497395833333333 0.010416666666666668 0.0067708333333333336
0 0.835763888888889 0.5494791666666666 0.010416666666666668 0.00625
0 0.834375 0.5638020833333334 0.009027777777777779 0.005729166666666666
0 0.8350694444444445 0.5768229166666666 0.009027777777777779 0.005729166666666666
0 0.8347222222222223 0.5901041666666667 0.009722222222222222 0.007291666666666667
0 0.8347222222222223 0.60390625 0.009722222222222222 0.0067708333333333336
0 0.8232638888888889 0.5625 0.009027777777777779 0.00625
0 0.8215277777777779 0.5760416666666667 0.011111111111111112 0.007291666666666667
0 0.8215277777777779 0.5893229166666667 0.011111111111111112 0.0067708333333333336
0 0.8222222222222223 0.6033854166666667 0.011111111111111112 0.0078125
0 0.8340277777777778 0.6171875 0.011111111111111112 0.00625
0 0.8326388888888889 0.6302083333333334 0.009722222222222222 0.00625
0 0.8322916666666667 0.6432291666666666 0.009027777777777779 0.00625
0 0.8333333333333334 0.6578125 0.011111111111111112 0.007291666666666667
0 0.8322916666666667 0.6703125 0.010416666666666668 0.007291666666666667
0 0.8326388888888889 0.68515625 0.009722222222222222 0.0067708333333333336
0 0.8326388888888889 0.7 0.011111111111111112 0.007291666666666667
0 0.8319444444444445 0.7135416666666666 0.011111111111111112 0.00625
0 0.8211805555555556 0.6169270833333333 0.011805555555555555 0.0078125
0 0.820138888888889 0.6302083333333334 0.009722222222222222 0.007291666666666667
0 0.81875 0.6442708333333333 0.011111111111111112 0.008333333333333333
0 0.8197916666666667 0.6572916666666666 0.010416666666666668 0.00625
0 0.8197916666666667 0.6723958333333333 0.010416666666666668 0.007291666666666667
0 0.81875 0.6856770833333333 0.011111111111111112 0.0078125
0 0.8177083333333334 0.6989583333333333 0.010416666666666668 0.008333333333333333
0 0.8190972222222223 0.71328125 0.011805555555555555 0.0078125
0 0.9163194444444445 0.5528645833333333 0.011805555555555555 0.0078125
0 0.9159722222222223 0.565625 0.011111111111111112 0.007291666666666667
0 0.9149305555555556 0.57890625 0.013194444444444444 0.0078125
0 0.9152777777777779 0.59296875 0.011111111111111112 0.0078125
0 0.9166666666666667 0.60546875 0.009722222222222222 0.0067708333333333336
0 0.9145833333333334 0.6190104166666667 0.009722222222222222 0.0067708333333333336
0 0.9145833333333334 0.63203125 0.011111111111111112 0.0078125
0 0.9142361111111111 0.6450520833333333 0.010416666666666668 0.0078125
0 0.9128472222222223 0.6596354166666667 0.009027777777777779 0.0067708333333333336
0 0.913888888888889 0.6729166666666666 0.011111111111111112 0.008333333333333333
0 0.9131944444444445 0.68671875 0.009722222222222222 0.0067708333333333336
0 0.913888888888889 0.7005208333333334 0.011111111111111112 0.008333333333333333
0 0.9128472222222223 0.7140625 0.010416666666666668 0.007291666666666667
0 0.9125000000000001 0.7276041666666666 0.009722222222222222 0.008333333333333333
0 0.7340277777777778 0.7114583333333333 0.008333333333333333 0.007291666666666667
0 0.734375 0.72578125 0.011805555555555555 0.0078125
0 0.8305555555555556 0.7268229166666667 0.009722222222222222 0.0067708333333333336
0 0.8163194444444445 0.7260416666666667 0.011805555555555555 0.007291666666666667
0 0.7336805555555556 0.7393229166666666 0.010416666666666668 0.008854166666666666
0 0.9118055555555555 0.7411458333333333 0.009722222222222222 0.007291666666666667
0 0.8302083333333333 0.7401041666666667 0.009027777777777779 0.007291666666666667
0 0.8177083333333334 0.740625 0.010416666666666668 0.008333333333333333
0 0.7340277777777778 0.7533854166666667 0.011111111111111112 0.008854166666666666
0 0.9114583333333334 0.7552083333333334 0.010416666666666668 0.007291666666666667
0 0.8309027777777778 0.75390625 0.011805555555555555 0.008854166666666666
0 0.8173611111111111 0.7544270833333333 0.011111111111111112 0.0078125
0 0.9118055555555555 0.76875 0.009722222222222222 0.008333333333333333
0 0.8302083333333333 0.76796875 0.009027777777777779 0.0067708333333333336
0 0.8163194444444445 0.7682291666666666 0.011805555555555555 0.009375
0 0.734375 0.7674479166666667 0.011805555555555555 0.0067708333333333336
0 0.732638888888889 0.7815104166666667 0.011111111111111112 0.0067708333333333336
0 0.8163194444444445 0.7815104166666667 0.010416666666666668 0.0078125
0 0.8284722222222223 0.7817708333333333 0.0125 0.008333333333333333
0 0.909375 0.78125 0.009027777777777779 0.009375
0 0.9111111111111111 0.7950520833333333 0.0125 0.009895833333333333
0 0.9107638888888889 0.8080729166666667 0.011805555555555555 0.008854166666666666
0 0.8291666666666667 0.7940104166666666 0.0125 0.0078125
0 0.8291666666666667 0.80859375 0.011111111111111112 0.0078125
0 0.8166666666666667 0.7958333333333333 0.011111111111111112 0.007291666666666667
0 0.8163194444444445 0.809375 0.010416666666666668 0.008333333333333333
0 0.7329861111111111 0.7955729166666666 0.013194444444444444 0.008854166666666666
0 0.7319444444444445 0.809375 0.0125 0.008333333333333333
