0 0.6052083333333333 0.6338541666666666 0.013194444444444444 0.008333333333333333
0 0.6128472222222222 0.6463541666666667 0.011805555555555555 0.009375
0 0.6208333333333333 0.659375 0.011111111111111112 0.010416666666666666
0 0.6277777777777778 0.671875 0.01388888888888889 0.010416666666666666
0 0.6368055555555556 0.68515625 0.01388888888888889 0.0109375
0 0.6444444444444445 0.6973958333333333 0.0125 0.009375
0 0.6527777777777778 0.7109375 0.01388888888888889 0.0125
0 0.6600694444444445 0.7239583333333334 0.014583333333333334 0.011458333333333333
0 0.6684027777777778 0.7369791666666666 0.015972222222222224 0.010416666666666666
0 0.6756944444444445 0.75 0.01388888888888889 0.0125
0 0.6850694444444445 0.7622395833333333 0.014583333333333334 0.011979166666666666
0 0.69375 0.7755208333333333 0.015277777777777779 0.010416666666666666
0 0.701388888888889 0.7888020833333333 0.015277777777777779 0.011979166666666666
0 0.7086805555555555 0.8010416666666667 0.014583333333333334 0.0125
0 0.717013888888889 0.8145833333333333 0.014583333333333334 0.011458333333333333
0 0.7253472222222223 0.8286458333333333 0.014583333333333334 0.009375
0 0.7336805555555556 0.8401041666666667 0.011805555555555555 0.010416666666666666
0 0.7416666666666667 0.8528645833333334 0.01388888888888889 0.0109375
0 0.7489583333333334 0.8653645833333333 0.013194444444444444 0.0109375
0 0.7565972222222223 0.8783854166666667 0.014583333333333334 0.0109375
0 0.5229166666666667 0.6640625 0.0125 0.010416666666666666
0 0.5111111111111112 0.66875 0.0125 0.010416666666666666
0 0.6767361111111111 0.9111979166666666 0.013194444444444444 0.0109375
0 0.665625 0.9158854166666667 0.011805555555555555 0.009895833333333333
0 0.670138888888889 0.8981770833333333 0.0125 0.008854166666666666
0 0.6579861111111112 0.9028645833333333 0.014583333333333334 0.0109375
0 0.6618055555555555 0.8861979166666667 0.01388888888888889 0.011979166666666666
0 0.6503472222222223 0.8903645833333333 0.013194444444444444 0.009895833333333333
0 0.6531250000000001 0.87265625 0.013194444444444444 0.0109375
0 0.6416666666666667 0.87734375 0.0125 0.0109375
0 0.6458333333333334 0.859375 0.011111111111111112 0.010416666666666666
0 0.6333333333333333 0.8645833333333334 0.01388888888888889 0.010416666666666666
0 0.6371527777777778 0.8466145833333333 0.011805555555555555 0.0109375
0 0.6253472222222223 0.8513020833333333 0.013194444444444444 0.0109375
0 0.6295138888888889 0.8338541666666667 0.013194444444444444 0.010416666666666666
0 0.6184027777777779 0.8385416666666666 0.014583333333333334 0.009375
0 0.6197916666666667 0.8208333333333333 0.013194444444444444 0.010416666666666666
0 0.6090277777777778 0.8252604166666666 0.0125 0.009895833333333333
0 0.6114583333333333 0.8078124999999999 0.013194444444444444 0.010416666666666666
0 0.6013888888888889 0.8125 0.01388888888888889 0.010416666666666666
0 0.6045138888888889 0.7950520833333333 0.014583333333333334 0.008854166666666666
0 0.5923611111111111 0.7997395833333333 0.0125 0.009895833333333333
0 0.5836805555555555 0.9484374999999999 0.013194444444444444 0.0125
0 0.5760416666666667 0.9356770833333333 0.013194444444444444 0.009895833333333333
0 0.5680555555555555 0.9229166666666666 0.01388888888888889 0.011458333333333333
0 0.5586805555555556 0.9104166666666667 0.011805555555555555 0.009375
0 0.5503472222222222 0.8979166666666667 0.013194444444444444 0.010416666666666666
0 0.5427083333333333 0.8854166666666666 0.011805555555555555 0.008333333333333333
0 0.5336805555555556 0.871875 0.011805555555555555 0.008333333333333333
0 0.5260416666666667 0.8585937499999999 0.011805555555555555 0.008854166666666666
0 0.5173611111111112 0.8455729166666667 0.0125 0.008854166666666666
0 0.5086805555555556 0.8325520833333333 0.013194444444444444 0.009895833333333333
0 0.5006944444444444 0.8190104166666666 0.011111111111111112 0.009895833333333333
0 0.5958333333333333 0.78203125 0.0125 0.009895833333333333
0 0.5847222222222223 0.7861979166666666 0.0125 0.009895833333333333
0 0.4930555555555556 0.8059895833333334 0.01388888888888889 0.009895833333333333
0 0.5878472222222223 0.7690104166666667 0.011805555555555555 0.0109375
0 0.5753472222222222 0.7734375 0.011805555555555555 0.010416666666666666
0 0.4847222222222222 0.7924479166666667 0.0125 0.0109375
0 0.5791666666666667 0.7549479166666666 0.011111111111111112 0.008854166666666666
0 0.5680555555555555 0.76015625 0.0125 0.008854166666666666
0 0.4760416666666667 0.7786458333333334 0.011805555555555555 0.011458333333333333
0 0.5711805555555556 0.7421875 0.013194444444444444 0.009375
0 0.5600694444444445 0.7471354166666666 0.013194444444444444 0.0109375
0 0.46805555555555556 0.765625 0.011111111111111112 0.009375
0 0.5631944444444444 0.7296875 0.0125 0.010416666666666666
0 0.5517361111111111 0.73359375 0.011805555555555555 0.0109375
0 0.45937500000000003 0.7528645833333333 0.011805555555555555 0.009895833333333333
0 0.4510416666666667 0.73984375 0.013194444444444444 0.0109375
0 0.4430555555555556 0.7260416666666667 0.0125 0.010416666666666666
0 0.43506944444444445 0.7127604166666667 0.011805555555555555 0.0109375
0 0.5555555555555556 0.71640625 0.0125 0.0109375
0 0.5437500000000001 0.7205729166666667 0.0125 0.0109375
0 0.546875 0.7028645833333333 0.011805555555555555 0.008854166666666666
0 0.5350694444444445 0.7080729166666666 0.010416666666666668 0.0109375
0 0.5392361111111111 0.6901041666666666 0.011805555555555555 0.010416666666666666
0 0.5270833333333333 0.6947916666666667 0.0125 0.010416666666666666
0 0.5302083333333334 0.6763020833333333 0.014583333333333334 0.008854166666666666
0 0.5180555555555556 0.68125 0.01388888888888889 0.009375
0 0.42638888888888893 0.6997395833333333 0.0125 0.0109375
