0 0.18541666666666667 0.04296875 0.015277777777777779 0.0109375
0 0.17777777777777778 0.05703125 0.015277777777777779 0.009895833333333333
0 0.16875 0.07057291666666667 0.015277777777777779 0.009895833333333333
0 0.16041666666666668 0.08385416666666666 0.01388888888888889 0.009375
0 0.15243055555555557 0.09791666666666667 0.014583333333333334 0.009375
0 0.14444444444444446 0.11145833333333333 0.016666666666666666 0.010416666666666666
0 0.13645833333333335 0.12473958333333333 0.014583333333333334 0.008854166666666666
0 0.1277777777777778 0.13854166666666667 0.01388888888888889 0.010416666666666666
0 0.11944444444444445 0.15234375 0.01388888888888889 0.009895833333333333
0 0.1107638888888889 0.165625 0.015972222222222224 0.010416666666666666
0 0.10277777777777779 0.17994791666666665 0.01388888888888889 0.009895833333333333
0 0.09375 0.19348958333333333 0.01388888888888889 0.0109375
0 0.08541666666666667 0.20807291666666666 0.01388888888888889 0.009895833333333333
0 0.290625 0.078125 0.014583333333333334 0.010416666666666666
0 0.28229166666666666 0.09166666666666666 0.014583333333333334 0.011458333333333333
0 0.278125 0.075 0.013194444444444444 0.0125
0 0.2701388888888889 0.08802083333333333 0.015277777777777779 0.010416666666666666
0 0.2611111111111111 0.10208333333333333 0.01388888888888889 0.009375
0 0.27395833333333336 0.10520833333333333 0.017361111111111112 0.010416666666666666
0 0.26666666666666666 0.11848958333333333 0.01388888888888889 0.009895833333333333
0 0.2534722222222222 0.11536458333333333 0.015277777777777779 0.009895833333333333
0 0.24548611111111113 0.12838541666666667 0.015972222222222224 0.0109375
0 0.2576388888888889 0.13229166666666667 0.015277777777777779 0.010416666666666666
0 0.23750000000000002 0.14192708333333334 0.015277777777777779 0.008854166666666666
0 0.24965277777777778 0.1453125 0.014583333333333334 0.010416666666666666
0 0.24270833333333333 0.159375 0.014583333333333334 0.009375
0 0.23055555555555557 0.15677083333333333 0.015277777777777779 0.010416666666666666
0 0.22048611111111113 0.16901041666666666 0.014583333333333334 0.009895833333333333
0 0.23368055555555556 0.17395833333333333 0.013194444444444444 0.009375
0 0.22604166666666667 0.18776041666666665 0.015972222222222224 0.009895833333333333
0 0.21284722222222224 0.18333333333333332 0.014583333333333334 0.009375
0 0.21875 0.20026041666666666 0.01388888888888889 0.0109375
0 0.20486111111111113 0.19713541666666667 0.01388888888888889 0.0109375
0 0.19618055555555555 0.21041666666666667 0.015972222222222224 0.009375
0 0.21006944444444445 0.21510416666666665 0.011805555555555555 0.010416666666666666
0 0.20208333333333334 0.22890625 0.01388888888888889 0.009895833333333333
0 0.18888888888888888 0.225 0.0125 0.009375
0 0.1798611111111111 0.23854166666666665 0.015277777777777779 0.010416666666666666
0 0.19305555555555556 0.24296874999999998 0.01388888888888889 0.009895833333333333
0 0.171875 0.2526041666666667 0.015972222222222224 0.009375
0 0.1857638888888889 0.25755208333333335 0.014583333333333334 0.009895833333333333
0 0.1763888888888889 0.2713541666666667 0.0125 0.008333333333333333
0 0.16354166666666667 0.26796875 0.014583333333333334 0.009895833333333333
0 0.16875 0.28489583333333335 0.015277777777777779 0.009375
0 0.15590277777777778 0.28151041666666665 0.015972222222222224 0.008854166666666666
0 0.146875 0.2950520833333333 0.015972222222222224 0.009895833333333333
0 0.16111111111111112 0.2994791666666667 0.01388888888888889 0.009375
0 0.1527777777777778 0.31354166666666666 0.01388888888888889 0.009375
0 0.14479166666666668 0.328125 0.013194444444444444 0.010416666666666666
0 0.1388888888888889 0.30963541666666666 0.0125 0.009895833333333333
0 0.13055555555555556 0.32395833333333335 0.01388888888888889 0.009375
0 0.1357638888888889 0.3419270833333333 0.011805555555555555 0.009895833333333333
0 0.12187500000000001 0.33880208333333334 0.011805555555555555 0.008854166666666666
0 0.07673611111111112 0.22213541666666667 0.013194444444444444 0.009895833333333333
0 0.06805555555555556 0.23671875 0.0125 0.009895833333333333
0 0.059722222222222225 0.25 0.01388888888888889 0.010416666666666666
0 0.051388888888888894 0.26458333333333334 0.01388888888888889 0.010416666666666666
0 0.042708333333333334 0.2786458333333333 0.013194444444444444 0.010416666666666666
0 0.03333333333333333 0.29322916666666665 0.0125 0.010416666666666666
0 0.02465277777777778 0.30755208333333334 0.013194444444444444 0.0109375
0 0.37986111111111115 0.10885416666666667 0.016666666666666666 0.011458333333333333
0 0.3736111111111111 0.12239583333333333 0.01388888888888889 0.010416666666666666
0 0.3663194444444445 0.13645833333333332 0.014583333333333334 0.009375
0 0.3576388888888889 0.15 0.01388888888888889 0.011458333333333333
0 0.3496527777777778 0.16328125 0.014583333333333334 0.009895833333333333
0 0.3423611111111111 0.1765625 0.016666666666666666 0.010416666666666666
0 0.33437500000000003 0.19088541666666667 0.014583333333333334 0.008854166666666666
0 0.3267361111111111 0.20390624999999998 0.014583333333333334 0.009895833333333333
0 0.3194444444444445 0.21953124999999998 0.01388888888888889 0.008854166666666666
0 0.31145833333333334 0.23359375 0.014583333333333334 0.009895833333333333
0 0.3038194444444445 0.24661458333333333 0.014583333333333334 0.011979166666666666
0 0.2965277777777778 0.26067708333333334 0.0125 0.009895833333333333
0 0.28784722222222225 0.27421875 0.013194444444444444 0.009895833333333333
0 0.28055555555555556 0.28802083333333334 0.015277777777777779 0.010416666666666666
0 0.27222222222222225 0.30182291666666666 0.015277777777777779 0.009895833333333333
0 0.2642361111111111 0.31536458333333334 0.013194444444444444 0.009895833333333333
0 0.2569444444444445 0.3299479166666667 0.01388888888888889 0.009895833333333333
0 0.24861111111111112 0.34401041666666665 0.015277777777777779 0.0109375
0 0.23958333333333334 0.35833333333333334 0.01388888888888889 0.011458333333333333
0 0.23159722222222223 0.37213541666666666 0.014583333333333334 0.0109375
