0 0.8371527777777779 0.83828125 0.011805555555555555 0.008854166666666666
0 0.8243055555555556 0.8270833333333333 0.0125 0.011458333333333333
0 0.8114583333333334 0.81640625 0.014583333333333334 0.0109375
0 0.7975694444444444 0.8039062499999999 0.013194444444444444 0.013020833333333334
0 0.7847222222222222 0.7924479166666667 0.0125 0.009895833333333333
0 0.7704861111111111 0.7807291666666667 0.013194444444444444 0.010416666666666666
0 0.7565972222222223 0.76953125 0.011805555555555555 0.0109375
0 0.74375 0.7580729166666667 0.01388888888888889 0.011979166666666666
0 0.7295138888888889 0.746875 0.014583333333333334 0.011458333333333333
0 0.7163194444444445 0.7346354166666667 0.014583333333333334 0.009895833333333333
0 0.7020833333333334 0.7231770833333333 0.01388888888888889 0.0109375
0 0.6885416666666667 0.71171875 0.013194444444444444 0.009895833333333333
0 0.6756944444444445 0.6994791666666667 0.015277777777777779 0.010416666666666666
0 0.6614583333333334 0.6890625 0.014583333333333334 0.009375
0 0.6475694444444444 0.6765625 0.013194444444444444 0.010416666666666666
0 0.634375 0.6653645833333334 0.015972222222222224 0.011979166666666666
0 0.6208333333333333 0.6528645833333333 0.01388888888888889 0.009895833333333333
0 0.6065972222222222 0.6408854166666667 0.013194444444444444 0.008854166666666666
0 0.5927083333333334 0.6302083333333334 0.013194444444444444 0.009375
0 0.5795138888888889 0.6174479166666667 0.013194444444444444 0.0109375
0 0.75625 0.8984375 0.015277777777777779 0.009375
0 0.7673611111111112 0.8903645833333333 0.0125 0.0109375
0 0.753125 0.8796875 0.014583333333333334 0.010416666666666666
0 0.7420138888888889 0.8872395833333333 0.013194444444444444 0.008854166666666666
0 0.7392361111111111 0.8671875 0.011805555555555555 0.008333333333333333
0 0.7302083333333333 0.8765625 0.01875 0.011458333333333333
0 0.7263888888888889 0.8565104166666666 0.015277777777777779 0.008854166666666666
0 0.7156250000000001 0.86484375 0.013194444444444444 0.0109375
0 0.7128472222222223 0.84453125 0.014583333333333334 0.009895833333333333
0 0.7034722222222223 0.8526041666666666 0.01388888888888889 0.010416666666666666
0 0.7003472222222222 0.8330729166666666 0.014583333333333334 0.011979166666666666
0 0.6861111111111111 0.82109375 0.01388888888888889 0.009895833333333333
0 0.6892361111111112 0.8421875 0.014583333333333334 0.009375
0 0.675 0.8294270833333334 0.016666666666666666 0.013020833333333334
0 0.671875 0.81015625 0.014583333333333334 0.0109375
0 0.6625 0.8177083333333334 0.016666666666666666 0.011458333333333333
0 0.6579861111111112 0.7981770833333334 0.015972222222222224 0.011979166666666666
0 0.6486111111111111 0.8067708333333333 0.015277777777777779 0.0125
0 0.6444444444444445 0.78671875 0.015277777777777779 0.0109375
0 0.6340277777777779 0.79453125 0.016666666666666666 0.009895833333333333
0 0.6305555555555555 0.775 0.01388888888888889 0.010416666666666666
0 0.6197916666666667 0.7828125 0.017361111111111112 0.011458333333333333
0 0.6829861111111112 0.9518229166666666 0.015972222222222224 0.013020833333333334
0 0.6711805555555556 0.9416666666666667 0.015972222222222224 0.0125
0 0.6572916666666667 0.9294270833333333 0.014583333333333334 0.0109375
0 0.6434027777777778 0.9182291666666667 0.015972222222222224 0.010416666666666666
0 0.6298611111111111 0.9072916666666666 0.016666666666666666 0.0125
0 0.6163194444444444 0.8942708333333333 0.014583333333333334 0.008333333333333333
0 0.6010416666666667 0.8833333333333333 0.015972222222222224 0.010416666666666666
0 0.5878472222222223 0.871875 0.013194444444444444 0.009375
0 0.5736111111111112 0.8591145833333333 0.01388888888888889 0.0109375
0 0.5593750000000001 0.8484375 0.014583333333333334 0.010416666666666666
0 0.5447916666666667 0.8361979166666667 0.015972222222222224 0.0109375
0 0.5309027777777778 0.82421875 0.014583333333333334 0.009895833333333333
0 0.5166666666666667 0.8127604166666667 0.015277777777777779 0.009895833333333333
0 0.5013888888888889 0.8005208333333333 0.01388888888888889 0.009375
0 0.6166666666666667 0.7630208333333334 0.01388888888888889 0.010416666666666666
0 0.6055555555555556 0.771875 0.01388888888888889 0.010416666666666666
0 0.6024305555555556 0.7520833333333333 0.013194444444444444 0.010416666666666666
0 0.5923611111111111 0.7591145833333334 0.01388888888888889 0.008854166666666666
0 0.5888888888888889 0.73984375 0.01388888888888889 0.0109375
0 0.5784722222222223 0.7473958333333334 0.015277777777777779 0.010416666666666666
0 0.5750000000000001 0.7278645833333334 0.01388888888888889 0.0109375
0 0.5649305555555556 0.73515625 0.013194444444444444 0.008854166666666666
0 0.5618055555555556 0.7158854166666666 0.01388888888888889 0.009895833333333333
0 0.5506944444444445 0.7236979166666666 0.015277777777777779 0.009895833333333333
0 0.546875 0.7046875 0.014583333333333334 0.009375
0 0.5368055555555555 0.7125 0.015277777777777779 0.009375
0 0.5329861111111112 0.6932291666666667 0.015972222222222224 0.010416666666666666
0 0.5225694444444444 0.7 0.014583333333333334 0.010416666666666666
0 0.5194444444444445 0.68125 0.01388888888888889 0.010416666666666666
0 0.509375 0.68828125 0.013194444444444444 0.009895833333333333
0 0.5055555555555555 0.6690104166666666 0.015277777777777779 0.009895833333333333
0 0.4947916666666667 0.6778645833333333 0.015972222222222224 0.011979166666666666
0 0.48923611111111115 0.7888020833333333 0.014583333333333334 0.011979166666666666
0 0.4746527777777778 0.7770833333333333 0.017361111111111112 0.011458333333333333
0 0.4604166666666667 0.7651041666666667 0.016666666666666666 0.009375
0 0.4461805555555556 0.753125 0.015972222222222224 0.010416666666666666
0 0.4326388888888889 0.740625 0.015277777777777779 0.009375
0 0.4184027777777778 0.7296875 0.015972222222222224 0.011458333333333333
