0 0.30868055555555557 0.48932291666666666 0.011805555555555555 0.008854166666666666
0 0.33055555555555555 0.48593749999999997 0.015277777777777779 0.009375
0 0.35034722222222225 0.4828125 0.011805555555555555 0.008333333333333333
0 0.3715277777777778 0.47760416666666666 0.011111111111111112 0.007291666666666667
0 0.3920138888888889 0.4744791666666667 0.013194444444444444 0.009375
0 0.4131944444444445 0.4705729166666667 0.0125 0.008854166666666666
0 0.43333333333333335 0.4666666666666667 0.011111111111111112 0.007291666666666667
0 0.45416666666666666 0.4630208333333333 0.009722222222222222 0.007291666666666667
0 0.4743055555555556 0.459375 0.011111111111111112 0.008333333333333333
0 0.4947916666666667 0.45598958333333334 0.011805555555555555 0.0078125
0 0.5145833333333334 0.4518229166666667 0.011111111111111112 0.0078125
0 0.534375 0.44869791666666664 0.013194444444444444 0.0078125
0 0.5541666666666667 0.44453125 0.011111111111111112 0.008854166666666666
0 0.5743055555555556 0.44140625 0.009722222222222222 0.0078125
0 0.59375 0.43776041666666665 0.011111111111111112 0.008854166666666666
0 0.6128472222222222 0.43359375 0.011805555555555555 0.008854166666666666
0 0.6333333333333333 0.43046875 0.0125 0.0078125
0 0.6524305555555556 0.4270833333333333 0.011805555555555555 0.007291666666666667
0 0.6704861111111111 0.42343749999999997 0.011805555555555555 0.008333333333333333
0 0.6913194444444445 0.41953124999999997 0.013194444444444444 0.0078125
0 0.33333333333333337 0.5625 0.011111111111111112 0.007291666666666667
0 0.3354166666666667 0.5739583333333333 0.01388888888888889 0.008333333333333333
0 0.3572916666666667 0.5703125 0.011805555555555555 0.008333333333333333
0 0.37951388888888893 0.56640625 0.011805555555555555 0.008854166666666666
0 0.3541666666666667 0.5591145833333333 0.01388888888888889 0.008854166666666666
0 0.37569444444444444 0.5557291666666666 0.01388888888888889 0.008333333333333333
0 0.39513888888888893 0.55078125 0.01388888888888889 0.009895833333333333
0 0.4 0.5614583333333333 0.01388888888888889 0.009375
0 0.41597222222222224 0.5473958333333333 0.015277777777777779 0.010416666666666666
0 0.4204861111111111 0.5572916666666666 0.017361111111111112 0.009375
0 0.43645833333333334 0.5432291666666667 0.014583333333333334 0.008333333333333333
0 0.44027777777777777 0.5533854166666666 0.016666666666666666 0.008854166666666666
0 0.4604166666666667 0.55 0.01388888888888889 0.009375
0 0.4572916666666667 0.5390625 0.013194444444444444 0.009375
0 0.47708333333333336 0.5359375 0.0125 0.010416666666666666
0 0.48125 0.5466145833333333 0.01388888888888889 0.009895833333333333
0 0.5010416666666667 0.5424479166666667 0.011805555555555555 0.009895833333333333
0 0.4979166666666667 0.5315104166666667 0.01388888888888889 0.008854166666666666
0 0.5211805555555555 0.5388020833333333 0.013194444444444444 0.008854166666666666
0 0.5177083333333333 0.528125 0.013194444444444444 0.008333333333333333
0 0.5381944444444444 0.5239583333333333 0.011111111111111112 0.007291666666666667
0 0.5413194444444445 0.53515625 0.011805555555555555 0.008854166666666666
0 0.5618055555555556 0.5309895833333333 0.01388888888888889 0.009895833333333333
0 0.5579861111111112 0.5203125 0.011805555555555555 0.007291666666666667
0 0.5770833333333334 0.5161458333333333 0.01388888888888889 0.008333333333333333
0 0.596875 0.5119791666666667 0.010416666666666668 0.009375
0 0.6170138888888889 0.509375 0.013194444444444444 0.008333333333333333
0 0.6368055555555556 0.5049479166666666 0.01388888888888889 0.009895833333333333
0 0.6565972222222223 0.5015625 0.014583333333333334 0.009375
0 0.675 0.4979166666666667 0.015277777777777779 0.010416666666666666
0 0.6944444444444444 0.4940104166666667 0.015277777777777779 0.009895833333333333
0 0.7142361111111112 0.4895833333333333 0.014583333333333334 0.008333333333333333
0 0.5815972222222222 0.5268229166666667 0.013194444444444444 0.009895833333333333
0 0.6006944444444444 0.5223958333333333 0.01388888888888889 0.009375
0 0.6211805555555556 0.5192708333333333 0.013194444444444444 0.009375
0 0.6402777777777778 0.5153645833333333 0.016666666666666666 0.009895833333333333
0 0.6597222222222222 0.5119791666666667 0.015277777777777779 0.009375
0 0.678125 0.5080729166666667 0.017361111111111112 0.0109375
0 0.6979166666666667 0.5041666666666667 0.015277777777777779 0.008333333333333333
0 0.7177083333333334 0.49947916666666664 0.011805555555555555 0.009375
0 0.7423611111111111 0.57109375 0.01388888888888889 0.008854166666666666
0 0.721875 0.5752604166666666 0.013194444444444444 0.008854166666666666
0 0.703125 0.57890625 0.013194444444444444 0.008854166666666666
0 0.6847222222222222 0.5828125 0.015277777777777779 0.009375
0 0.6649305555555556 0.5875 0.013194444444444444 0.009375
0 0.6444444444444445 0.5908854166666666 0.01388888888888889 0.009895833333333333
0 0.6246527777777778 0.5950520833333334 0.014583333333333334 0.009895833333333333
0 0.6048611111111112 0.5994791666666667 0.015277777777777779 0.009375
0 0.5857638888888889 0.6033854166666667 0.013194444444444444 0.008854166666666666
0 0.5645833333333333 0.6072916666666667 0.015277777777777779 0.008333333333333333
0 0.5454861111111111 0.6109375 0.013194444444444444 0.010416666666666666
0 0.5253472222222222 0.615625 0.013194444444444444 0.009375
0 0.5055555555555555 0.61953125 0.0125 0.0109375
0 0.484375 0.6239583333333333 0.014583333333333334 0.008333333333333333
0 0.46458333333333335 0.6270833333333333 0.015277777777777779 0.010416666666666666
0 0.44375000000000003 0.6315104166666666 0.011111111111111112 0.0109375
0 0.4232638888888889 0.6364583333333333 0.013194444444444444 0.009375
0 0.40243055555555557 0.640625 0.014583333333333334 0.010416666666666666
0 0.3819444444444445 0.6442708333333333 0.0125 0.009375
0 0.3614583333333333 0.6479166666666667 0.014583333333333334 0.009375
