0 0.8590277777777778 0.6427083333333333 0.0125 0.008333333333333333
0 0.8614583333333333 0.6580729166666667 0.013194444444444444 0.0078125
0 0.8621527777777778 0.6723958333333333 0.011805555555555555 0.008333333333333333
0 0.8642361111111111 0.68671875 0.010416666666666668 0.008854166666666666
0 0.8659722222222223 0.7015625 0.011111111111111112 0.007291666666666667
0 0.8677083333333334 0.7171875 0.010416666666666668 0.009375
0 0.8697916666666667 0.7317708333333334 0.011805555555555555 0.008333333333333333
0 0.8718750000000001 0.74609375 0.010416666666666668 0.0078125
0 0.8715277777777778 0.7609375 0.011111111111111112 0.008333333333333333
0 0.8736111111111111 0.7752604166666667 0.011111111111111112 0.009895833333333333
0 0.8753472222222223 0.7916666666666666 0.010416666666666668 0.009375
0 0.8760416666666667 0.8059895833333334 0.011805555555555555 0.0078125
0 0.8784722222222222 0.8208333333333333 0.011111111111111112 0.009375
0 0.8805555555555555 0.8356770833333333 0.011111111111111112 0.008854166666666666
0 0.8815972222222223 0.8497395833333333 0.010416666666666668 0.0078125
0 0.8836805555555556 0.8653645833333333 0.011805555555555555 0.008854166666666666
0 0.8850694444444445 0.88125 0.010416666666666668 0.010416666666666666
0 0.8868055555555556 0.89609375 0.0125 0.008854166666666666
0 0.8878472222222222 0.91015625 0.010416666666666668 0.008854166666666666
0 0.8902777777777778 0.9260416666666667 0.0125 0.009375
0 0.7555555555555555 0.6502604166666667 0.0125 0.0067708333333333336
0 0.7586805555555556 0.6645833333333333 0.013194444444444444 0.007291666666666667
0 0.7583333333333334 0.6796875 0.009722222222222222 0.008333333333333333
0 0.7607638888888889 0.69375 0.010416666666666668 0.007291666666666667
0 0.7631944444444445 0.7096354166666666 0.0125 0.0078125
0 0.7649305555555556 0.7239583333333334 0.011805555555555555 0.007291666666666667
0 0.763888888888889 0.7401041666666667 0.0125 0.008333333333333333
0 0.7663194444444444 0.7536458333333333 0.011805555555555555 0.007291666666666667
0 0.7694444444444445 0.76953125 0.011111111111111112 0.009895833333333333
0 0.7697916666666667 0.7846354166666667 0.010416666666666668 0.0078125
0 0.771875 0.8 0.010416666666666668 0.007291666666666667
0 0.7736111111111111 0.8145833333333333 0.0125 0.009375
0 0.775 0.8299479166666667 0.011111111111111112 0.0078125
0 0.7763888888888889 0.8450520833333334 0.011111111111111112 0.008854166666666666
0 0.7784722222222222 0.86015625 0.009722222222222222 0.008854166666666666
0 0.7802083333333334 0.87578125 0.010416666666666668 0.0078125
0 0.7819444444444444 0.8908854166666667 0.011111111111111112 0.0067708333333333336
0 0.7829861111111112 0.90625 0.011805555555555555 0.008333333333333333
0 0.7847222222222222 0.9205729166666666 0.011111111111111112 0.0067708333333333336
0 0.7857638888888889 0.9367187499999999 0.010416666666666668 0.0067708333333333336
0 0.7684027777777778 0.6484375 0.010416666666666668 0.007291666666666667
0 0.7704861111111111 0.6630208333333333 0.010416666666666668 0.008333333333333333
0 0.773263888888889 0.678125 0.011805555555555555 0.008333333333333333
0 0.7736111111111111 0.69296875 0.011111111111111112 0.0078125
0 0.775 0.7080729166666666 0.011111111111111112 0.0078125
0 0.7777777777777778 0.7231770833333333 0.011111111111111112 0.0078125
0 0.779513888888889 0.7377604166666667 0.011805555555555555 0.008854166666666666
0 0.7798611111111111 0.7528645833333333 0.011111111111111112 0.0067708333333333336
0 0.7822916666666667 0.7677083333333333 0.011805555555555555 0.009375
0 0.7840277777777778 0.7830729166666667 0.011111111111111112 0.008854166666666666
0 0.7854166666666667 0.7981770833333334 0.01388888888888889 0.0078125
0 0.7881944444444444 0.8138020833333334 0.011111111111111112 0.008854166666666666
0 0.7895833333333334 0.8294270833333334 0.0125 0.008854166666666666
0 0.790625 0.8434895833333333 0.011805555555555555 0.0078125
0 0.7920138888888889 0.8591145833333333 0.013194444444444444 0.008854166666666666
0 0.7944444444444445 0.8744791666666667 0.011111111111111112 0.007291666666666667
0 0.7937500000000001 0.8898437499999999 0.0125 0.008854166666666666
0 0.796875 0.9041666666666667 0.013194444444444444 0.009375
0 0.7972222222222223 0.9197916666666667 0.01388888888888889 0.009375
0 0.8003472222222222 0.9338541666666667 0.013194444444444444 0.008333333333333333
0 0.6649305555555556 0.65546875 0.013194444444444444 0.0078125
0 0.6652777777777779 0.6713541666666667 0.011111111111111112 0.007291666666666667
0 0.6666666666666667 0.6859375 0.011111111111111112 0.008333333333333333
0 0.6680555555555556 0.6997395833333333 0.011111111111111112 0.0078125
0 0.6704861111111111 0.7151041666666667 0.011805555555555555 0.008333333333333333
0 0.671875 0.7309895833333333 0.010416666666666668 0.0078125
0 0.6732638888888889 0.74609375 0.013194444444444444 0.0067708333333333336
0 0.675 0.7611979166666667 0.015277777777777779 0.008854166666666666
0 0.6763888888888889 0.7765625 0.0125 0.007291666666666667
0 0.6784722222222223 0.7924479166666667 0.011111111111111112 0.008854166666666666
0 0.6802083333333334 0.8075520833333333 0.011805555555555555 0.0078125
0 0.6805555555555556 0.8229166666666666 0.0125 0.008333333333333333
0 0.6829861111111112 0.8388020833333333 0.011805555555555555 0.0078125
0 0.6840277777777778 0.85390625 0.009722222222222222 0.0067708333333333336
0 0.685763888888889 0.86953125 0.013194444444444444 0.0078125
0 0.6875 0.8846354166666667 0.009722222222222222 0.0067708333333333336
0 0.6892361111111112 0.8994791666666666 0.011805555555555555 0.008333333333333333
0 0.6902777777777778 0.9151041666666666 0.0125 0.008333333333333333
0 0.6920138888888889 0.9296875 0.013194444444444444 0.009375
0 0.6944444444444444 0.9458333333333333 0.0125 0.009375
