0 0.04895833333333333 0.6479166666666667 0.014583333333333334 0.007291666666666667
0 0.05416666666666667 0.6635416666666667 0.016666666666666666 0.008333333333333333
0 0.059375000000000004 0.6794270833333333 0.014583333333333334 0.009895833333333333
0 0.06458333333333334 0.6947916666666667 0.01388888888888889 0.008333333333333333
0 0.06979166666666667 0.7104166666666667 0.014583333333333334 0.011458333333333333
0 0.07465277777777778 0.7260416666666667 0.013194444444444444 0.009375
0 0.08055555555555556 0.740625 0.01388888888888889 0.010416666666666666
0 0.08576388888888889 0.75625 0.013194444444444444 0.009375
0 0.0920138888888889 0.7713541666666667 0.014583333333333334 0.010416666666666666
0 0.096875 0.7875 0.014583333333333334 0.010416666666666666
0 0.10347222222222223 0.80234375 0.0125 0.009895833333333333
0 0.10972222222222222 0.8174479166666666 0.0125 0.0109375
0 0.11388888888888889 0.8317708333333333 0.0125 0.010416666666666666
0 0.11909722222222223 0.8471354166666667 0.011805555555555555 0.008854166666666666
0 0.125 0.86328125 0.0125 0.009895833333333333
0 0.12986111111111112 0.8778645833333333 0.0125 0.0109375
0 0.1357638888888889 0.8942708333333333 0.011805555555555555 0.010416666666666666
0 0.14027777777777778 0.9091145833333333 0.0125 0.0109375
0 0.14722222222222223 0.9249999999999999 0.0125 0.011458333333333333
0 0.15173611111111113 0.93984375 0.013194444444444444 0.0109375
0 0.15 0.6278645833333333 0.01388888888888889 0.008854166666666666
0 0.1545138888888889 0.64296875 0.013194444444444444 0.009895833333333333
0 0.15972222222222224 0.6578125 0.01388888888888889 0.010416666666666666
0 0.16493055555555555 0.6731770833333334 0.013194444444444444 0.008854166666666666
0 0.17118055555555556 0.68828125 0.015972222222222224 0.0078125
0 0.1763888888888889 0.7036458333333333 0.01388888888888889 0.009375
0 0.18159722222222222 0.7184895833333333 0.011805555555555555 0.009895833333333333
0 0.18680555555555556 0.7338541666666667 0.01388888888888889 0.008333333333333333
0 0.19131944444444446 0.74921875 0.014583333333333334 0.0109375
0 0.19652777777777777 0.7635416666666667 0.01388888888888889 0.009375
0 0.20173611111111112 0.7794270833333333 0.013194444444444444 0.008854166666666666
0 0.20798611111111112 0.7950520833333333 0.013194444444444444 0.008854166666666666
0 0.21354166666666669 0.8098958333333334 0.011805555555555555 0.007291666666666667
0 0.21805555555555556 0.8244791666666667 0.01388888888888889 0.010416666666666666
0 0.22430555555555556 0.8395833333333333 0.0125 0.009375
0 0.2295138888888889 0.8552083333333333 0.011805555555555555 0.008333333333333333
0 0.23472222222222222 0.8697916666666666 0.015277777777777779 0.008333333333333333
0 0.240625 0.88515625 0.014583333333333334 0.008854166666666666
0 0.24618055555555557 0.9 0.011805555555555555 0.009375
0 0.25069444444444444 0.91484375 0.01388888888888889 0.009895833333333333
0 0.16458333333333333 0.6244791666666667 0.0125 0.008333333333333333
0 0.16909722222222223 0.6393229166666666 0.013194444444444444 0.008854166666666666
0 0.17430555555555557 0.6552083333333333 0.01388888888888889 0.008333333333333333
0 0.18020833333333333 0.66953125 0.011805555555555555 0.008854166666666666
0 0.18506944444444445 0.6846354166666666 0.014583333333333334 0.009895833333333333
0 0.1902777777777778 0.7 0.01388888888888889 0.011458333333333333
0 0.1954861111111111 0.71484375 0.014583333333333334 0.008854166666666666
0 0.20104166666666667 0.7294270833333333 0.013194444444444444 0.0109375
0 0.20555555555555557 0.7455729166666667 0.01388888888888889 0.009895833333333333
0 0.2107638888888889 0.7604166666666666 0.013194444444444444 0.010416666666666666
0 0.2152777777777778 0.7760416666666666 0.0125 0.010416666666666666
0 0.22256944444444446 0.7911458333333333 0.011805555555555555 0.009375
0 0.22777777777777777 0.8067708333333333 0.0125 0.009375
0 0.23298611111111112 0.8216145833333334 0.014583333333333334 0.0109375
0 0.23784722222222224 0.8364583333333333 0.011805555555555555 0.009375
0 0.24375000000000002 0.8526041666666666 0.01388888888888889 0.009375
0 0.24930555555555556 0.8674479166666667 0.011111111111111112 0.009895833333333333
0 0.2545138888888889 0.8820312499999999 0.011805555555555555 0.0109375
0 0.2590277777777778 0.8973958333333333 0.0125 0.010416666666666666
0 0.265625 0.9125 0.013194444444444444 0.010416666666666666
0 0.26180555555555557 0.60390625 0.0125 0.008854166666666666
0 0.26666666666666666 0.6192708333333333 0.01388888888888889 0.009375
0 0.2725694444444445 0.6338541666666666 0.013194444444444444 0.009375
0 0.27743055555555557 0.6479166666666667 0.011805555555555555 0.009375
0 0.2829861111111111 0.6635416666666667 0.011805555555555555 0.009375
0 0.2888888888888889 0.6783854166666666 0.01388888888888889 0.008854166666666666
0 0.29444444444444445 0.69375 0.0125 0.010416666666666666
0 0.2989583333333333 0.7080729166666666 0.013194444444444444 0.008854166666666666
0 0.30486111111111114 0.7223958333333333 0.0125 0.011458333333333333
0 0.3090277777777778 0.7380208333333333 0.0125 0.010416666666666666
0 0.315625 0.753125 0.013194444444444444 0.009375
0 0.3197916666666667 0.7677083333333333 0.013194444444444444 0.009375
0 0.32569444444444445 0.7828125 0.01388888888888889 0.010416666666666666
0 0.33090277777777777 0.7981770833333334 0.011805555555555555 0.0109375
0 0.3357638888888889 0.81328125 0.013194444444444444 0.0109375
0 0.34131944444444445 0.828125 0.013194444444444444 0.009375
0 0.346875 0.8434895833333333 0.013194444444444444 0.009895833333333333
0 0.3513888888888889 0.8580729166666666 0.0125 0.0109375
0 0.3572916666666667 0.8729166666666667 0.011805555555555555 0.009375
0 0.36319444444444443 0.8880208333333334 0.0125 0.009375
