0 0.6923611111111111 0.18072916666666666 0.0125 0.008333333333333333
0 0.6805555555555556 0.19010416666666666 0.0125 0.009375
0 0.6680555555555556 0.20026041666666666 0.0125 0.009895833333333333
0 0.65625 0.20963541666666666 0.01388888888888889 0.009895833333333333
0 0.6454861111111111 0.21901041666666665 0.013194444444444444 0.008854166666666666
0 0.6326388888888889 0.22942708333333334 0.0125 0.009895833333333333
0 0.6215277777777778 0.23880208333333333 0.01388888888888889 0.009895833333333333
0 0.6086805555555556 0.24973958333333332 0.011805555555555555 0.008854166666666666
0 0.5965277777777778 0.25885416666666666 0.0125 0.009375
0 0.5840277777777778 0.26953125 0.01388888888888889 0.008854166666666666
0 0.5725694444444445 0.2791666666666667 0.013194444444444444 0.009375
0 0.560763888888889 0.28880208333333335 0.014583333333333334 0.0109375
0 0.5479166666666667 0.2989583333333333 0.015277777777777779 0.010416666666666666
0 0.5364583333333334 0.3091145833333333 0.014583333333333334 0.009895833333333333
0 0.5229166666666667 0.32005208333333335 0.015277777777777779 0.0109375
0 0.5107638888888889 0.3302083333333333 0.015972222222222224 0.009375
0 0.4979166666666667 0.33958333333333335 0.01388888888888889 0.010416666666666666
0 0.4857638888888889 0.3502604166666667 0.014583333333333334 0.0109375
0 0.47361111111111115 0.36041666666666666 0.0125 0.011458333333333333
0 0.46145833333333336 0.371875 0.014583333333333334 0.009375
0 0.7565972222222223 0.22526041666666666 0.011805555555555555 0.009895833333333333
0 0.7451388888888889 0.23515624999999998 0.011111111111111112 0.0109375
0 0.7329861111111111 0.24557291666666667 0.013194444444444444 0.009895833333333333
0 0.7215277777777778 0.2552083333333333 0.0125 0.011458333333333333
0 0.7097222222222223 0.26510416666666664 0.0125 0.011458333333333333
0 0.6975694444444445 0.2747395833333333 0.014583333333333334 0.009895833333333333
0 0.6864583333333334 0.28489583333333335 0.014583333333333334 0.009375
0 0.6753472222222222 0.29453125 0.015972222222222224 0.0109375
0 0.6625 0.30494791666666665 0.015277777777777779 0.0109375
0 0.6510416666666667 0.3151041666666667 0.015972222222222224 0.010416666666666666
0 0.6395833333333334 0.3247395833333333 0.01388888888888889 0.0078125
0 0.6274305555555556 0.33515625 0.015972222222222224 0.008854166666666666
0 0.6152777777777778 0.3458333333333333 0.016666666666666666 0.009375
0 0.6024305555555556 0.35572916666666665 0.014583333333333334 0.010416666666666666
0 0.5899305555555556 0.3653645833333333 0.013194444444444444 0.0109375
0 0.578125 0.3765625 0.013194444444444444 0.008333333333333333
0 0.5663194444444445 0.38619791666666664 0.015972222222222224 0.009895833333333333
0 0.553125 0.3963541666666667 0.011805555555555555 0.008333333333333333
0 0.5413194444444445 0.40781249999999997 0.014583333333333334 0.010416666666666666
0 0.5277777777777778 0.41770833333333335 0.01388888888888889 0.010416666666666666
0 0.7652777777777778 0.23151041666666666 0.01388888888888889 0.008854166666666666
0 0.7541666666666667 0.24192708333333332 0.016666666666666666 0.009895833333333333
0 0.7420138888888889 0.25234375 0.015972222222222224 0.009895833333333333
0 0.7312500000000001 0.2609375 0.0125 0.009375
0 0.7197916666666667 0.2708333333333333 0.013194444444444444 0.009375
0 0.7076388888888889 0.28098958333333335 0.015277777777777779 0.0109375
0 0.6954861111111111 0.2911458333333333 0.015972222222222224 0.010416666666666666
0 0.6843750000000001 0.30078125 0.014583333333333334 0.008854166666666666
0 0.671875 0.31223958333333335 0.013194444444444444 0.0109375
0 0.6600694444444445 0.32109375 0.015972222222222224 0.0109375
0 0.6479166666666667 0.33098958333333334 0.015277777777777779 0.0109375
0 0.6361111111111112 0.3416666666666667 0.015277777777777779 0.011458333333333333
0 0.6243055555555556 0.35104166666666664 0.018055555555555557 0.010416666666666666
0 0.6121527777777778 0.3614583333333333 0.014583333333333334 0.011458333333333333
0 0.6 0.37213541666666666 0.0125 0.008854166666666666
0 0.5875 0.38203125 0.015277777777777779 0.0109375
0 0.5746527777777778 0.39296875 0.014583333333333334 0.009895833333333333
0 0.5625 0.4028645833333333 0.01388888888888889 0.008854166666666666
0 0.5506944444444445 0.41354166666666664 0.016666666666666666 0.009375
0 0.5381944444444444 0.42473958333333334 0.0125 0.008854166666666666
0 0.8277777777777778 0.27682291666666664 0.01388888888888889 0.0109375
0 0.8177083333333334 0.28619791666666666 0.013194444444444444 0.0109375
0 0.8059027777777779 0.296875 0.014583333333333334 0.010416666666666666
0 0.7937500000000001 0.30703125 0.01388888888888889 0.0109375
0 0.7826388888888889 0.31614583333333335 0.015277777777777779 0.011458333333333333
0 0.771875 0.3255208333333333 0.013194444444444444 0.010416666666666666
0 0.759375 0.33671875 0.013194444444444444 0.0109375
0 0.7486111111111111 0.3458333333333333 0.01388888888888889 0.011458333333333333
0 0.7357638888888889 0.35625 0.014583333333333334 0.011458333333333333
0 0.7243055555555555 0.36692708333333335 0.015277777777777779 0.009895833333333333
0 0.7128472222222223 0.3765625 0.017361111111111112 0.010416666666666666
0 0.701388888888889 0.3875 0.015277777777777779 0.011458333333333333
0 0.6902777777777778 0.396875 0.015277777777777779 0.010416666666666666
0 0.6777777777777778 0.40703125 0.01388888888888889 0.011979166666666666
0 0.6652777777777779 0.41822916666666665 0.015277777777777779 0.010416666666666666
0 0.6527777777777778 0.4278645833333333 0.015277777777777779 0.0109375
0 0.6420138888888889 0.43828125 0.013194444444444444 0.008854166666666666
0 0.6291666666666667 0.44947916666666665 0.01388888888888889 0.010416666666666666
0 0.6184027777777779 0.4588541666666667 0.013194444444444444 0.009375
0 0.6059027777777778 0.46979166666666666 0.011805555555555555 0.010416666666666666
