0 0.3861111111111111 0.34869791666666666 0.0125 0.008854166666666666
0 0.3732638888888889 0.35911458333333335 0.011805555555555555 0.009895833333333333
0 0.36006944444444444 0.37005208333333334 0.014583333333333334 0.0109375
0 0.3479166666666667 0.3809895833333333 0.01388888888888889 0.009895833333333333
0 0.33472222222222225 0.3911458333333333 0.01388888888888889 0.010416666666666666
0 0.3232638888888889 0.40234375 0.014583333333333334 0.0109375
0 0.309375 0.41328125 0.014583333333333334 0.0109375
0 0.2972222222222222 0.4244791666666667 0.01388888888888889 0.010416666666666666
0 0.28368055555555555 0.4354166666666667 0.013194444444444444 0.011458333333333333
0 0.2715277777777778 0.4466145833333333 0.015277777777777779 0.0109375
0 0.2586805555555556 0.4578125 0.015972222222222224 0.010416666666666666
0 0.24479166666666669 0.46848958333333335 0.014583333333333334 0.009895833333333333
0 0.23229166666666667 0.48020833333333335 0.013194444444444444 0.010416666666666666
0 0.21944444444444444 0.49244791666666665 0.015277777777777779 0.0109375
0 0.20625000000000002 0.5033854166666667 0.01388888888888889 0.011979166666666666
0 0.19270833333333334 0.5138020833333333 0.013194444444444444 0.013020833333333334
0 0.1795138888888889 0.5255208333333333 0.013194444444444444 0.010416666666666666
0 0.16527777777777777 0.5372395833333333 0.015277777777777779 0.0109375
0 0.15173611111111113 0.5497395833333333 0.014583333333333334 0.0109375
0 0.13854166666666667 0.5611979166666666 0.013194444444444444 0.008854166666666666
0 0.45555555555555555 0.3927083333333333 0.0125 0.009375
0 0.44409722222222225 0.403125 0.011805555555555555 0.009375
0 0.43125 0.41484375 0.01388888888888889 0.0109375
0 0.41944444444444445 0.425 0.015277777777777779 0.011458333333333333
0 0.40625 0.43671875 0.01388888888888889 0.0109375
0 0.3940972222222222 0.44687499999999997 0.014583333333333334 0.008333333333333333
0 0.38159722222222225 0.45859374999999997 0.011805555555555555 0.008854166666666666
0 0.3697916666666667 0.46953125 0.013194444444444444 0.009895833333333333
0 0.35625 0.48020833333333335 0.0125 0.010416666666666666
0 0.34375 0.49166666666666664 0.015277777777777779 0.008333333333333333
0 0.33125 0.5041666666666667 0.0125 0.009375
0 0.3184027777777778 0.5151041666666667 0.014583333333333334 0.010416666666666666
0 0.30520833333333336 0.5255208333333333 0.014583333333333334 0.010416666666666666
0 0.29270833333333335 0.5372395833333333 0.013194444444444444 0.009895833333333333
0 0.2795138888888889 0.5479166666666666 0.014583333333333334 0.009375
0 0.2670138888888889 0.5596354166666666 0.014583333333333334 0.0109375
0 0.2534722222222222 0.5713541666666666 0.01388888888888889 0.009375
0 0.23993055555555556 0.5825520833333333 0.014583333333333334 0.008854166666666666
0 0.22708333333333333 0.5950520833333334 0.01388888888888889 0.0109375
0 0.2138888888888889 0.60625 0.01388888888888889 0.010416666666666666
0 0.46597222222222223 0.3989583333333333 0.011111111111111112 0.009375
0 0.4534722222222222 0.40989583333333335 0.011111111111111112 0.009375
0 0.4416666666666667 0.4203125 0.011111111111111112 0.009375
0 0.4295138888888889 0.4309895833333333 0.013194444444444444 0.009895833333333333
0 0.4166666666666667 0.4421875 0.0125 0.010416666666666666
0 0.4045138888888889 0.45338541666666665 0.013194444444444444 0.0109375
0 0.3920138888888889 0.46510416666666665 0.011805555555555555 0.009375
0 0.37951388888888893 0.47552083333333334 0.013194444444444444 0.009375
0 0.36736111111111114 0.4864583333333333 0.0125 0.010416666666666666
0 0.3545138888888889 0.49765624999999997 0.014583333333333334 0.009895833333333333
0 0.3416666666666667 0.5091145833333334 0.01388888888888889 0.009895833333333333
0 0.32916666666666666 0.5203125 0.01388888888888889 0.011458333333333333
0 0.31701388888888893 0.5317708333333333 0.014583333333333334 0.010416666666666666
0 0.30347222222222225 0.5434895833333333 0.0125 0.011979166666666666
0 0.290625 0.5541666666666667 0.013194444444444444 0.009375
0 0.2777777777777778 0.5661458333333333 0.015277777777777779 0.010416666666666666
0 0.2642361111111111 0.5770833333333333 0.015972222222222224 0.010416666666666666
0 0.2513888888888889 0.5888020833333333 0.01388888888888889 0.0109375
0 0.23819444444444446 0.6005208333333333 0.015277777777777779 0.011458333333333333
0 0.22569444444444445 0.6122395833333333 0.01388888888888889 0.009895833333333333
0 0.5347222222222222 0.4432291666666667 0.01388888888888889 0.009375
0 0.5232638888888889 0.45416666666666666 0.013194444444444444 0.008333333333333333
0 0.5118055555555556 0.4653645833333333 0.01388888888888889 0.008854166666666666
0 0.5003472222222223 0.47630208333333335 0.011805555555555555 0.009895833333333333
0 0.48750000000000004 0.4875 0.0125 0.009375
0 0.47500000000000003 0.4981770833333333 0.01388888888888889 0.008854166666666666
0 0.4625 0.5096354166666667 0.01388888888888889 0.009895833333333333
0 0.45034722222222223 0.5203125 0.013194444444444444 0.010416666666666666
0 0.43819444444444444 0.53125 0.015277777777777779 0.011458333333333333
0 0.42534722222222227 0.54296875 0.015972222222222224 0.0109375
0 0.4138888888888889 0.55390625 0.015277777777777779 0.0109375
0 0.4010416666666667 0.5653645833333333 0.014583333333333334 0.0109375
0 0.3888888888888889 0.5768229166666666 0.015277777777777779 0.011979166666666666
0 0.37604166666666666 0.5880208333333333 0.014583333333333334 0.009375
0 0.3635416666666667 0.59921875 0.014583333333333334 0.009895833333333333
0 0.3493055555555556 0.6106770833333334 0.01388888888888889 0.009895833333333333
0 0.3371527777777778 0.62265625 0.011805555555555555 0.009895833333333333
0 0.3246527777777778 0.634375 0.014583333333333334 0.010416666666666666
0 0.3125 0.6455729166666666 0.01388888888888889 0.0109375
0 0.2986111111111111 0.6578125 0.015277777777777779 0.011458333333333333
