0 0.0125 0.5303333333333333 0.026000000000000002 0.054
0 0.0785 0.5273333333333333 0.038 0.05333333333333333
0 0.14825 0.5293333333333333 0.0385 0.05466666666666666
0 0.21875 0.5266666666666666 0.035500000000000004 0.052
0 0.28800000000000003 0.5273333333333333 0.035 0.050666666666666665
0 0.35875 0.526 0.0375 0.050666666666666665
0 0.012750000000000001 0.08133333333333333 0.0265 0.05333333333333333
0 0.012 0.022 0.025 0.04533333333333333
0 0.07525 0.022 0.0375 0.04533333333333333
0 0.07725 0.08166666666666667 0.0365 0.049999999999999996
0 0.1445 0.019666666666666666 0.034 0.04066666666666666
0 0.146 0.08233333333333333 0.037 0.04733333333333333
0 0.2155 0.08233333333333333 0.036000000000000004 0.04466666666666667
0 0.2115 0.02033333333333333 0.037 0.041999999999999996
0 0.28125 0.019666666666666666 0.0375 0.04066666666666666
0 0.28300000000000003 0.08033333333333333 0.034 0.04466666666666667
0 0.35225 0.08133333333333333 0.0365 0.048
0 0.35050000000000003 0.02033333333333333 0.037 0.041999999999999996
0 0.418 0.020666666666666667 0.038 0.042666666666666665
0 0.41975 0.08066666666666666 0.0345 0.04666666666666666
0 0.486 0.019666666666666666 0.038 0.04066666666666666
0 0.5535 0.019 0.038 0.03933333333333333
0 0.6225 0.019333333333333334 0.039 0.04
0 0.6915 0.018333333333333333 0.038 0.038
0 0.48875 0.08 0.0385 0.04933333333333333
0 0.55725 0.08066666666666666 0.0385 0.04533333333333333
0 0.62625 0.07933333333333333 0.035500000000000004 0.044
0 0.6940000000000001 0.08 0.037 0.044
0 0.429 0.5253333333333333 0.039 0.052
0 0.499 0.525 0.039 0.049999999999999996
0 0.5695 0.5263333333333333 0.04 0.049999999999999996
0 0.639 0.5246666666666666 0.037 0.050666666666666665
0 0.709 0.5246666666666666 0.039 0.04933333333333333
