0 0.25104166666666666 0.4640625 0.013194444444444444 0.008333333333333333
0 0.2732638888888889 0.4630208333333333 0.013194444444444444 0.008333333333333333
0 0.29444444444444445 0.4622395833333333 0.0125 0.0078125
0 0.3159722222222222 0.46171875 0.011111111111111112 0.009895833333333333
0 0.3371527777777778 0.46119791666666665 0.011805555555555555 0.008854166666666666
0 0.35868055555555556 0.46067708333333335 0.010416666666666668 0.008854166666666666
0 0.3791666666666667 0.4609375 0.011111111111111112 0.010416666666666666
0 0.40034722222222224 0.4596354166666667 0.011805555555555555 0.008854166666666666
0 0.4204861111111111 0.4596354166666667 0.010416666666666668 0.0078125
0 0.4413194444444445 0.45859374999999997 0.010416666666666668 0.008854166666666666
0 0.4618055555555556 0.4578125 0.009722222222222222 0.009375
0 0.48333333333333334 0.4578125 0.009722222222222222 0.008333333333333333
0 0.503125 0.45729166666666665 0.011805555555555555 0.008333333333333333
0 0.5232638888888889 0.45677083333333335 0.011805555555555555 0.007291666666666667
0 0.5430555555555556 0.45546875 0.011111111111111112 0.0067708333333333336
0 0.5631944444444444 0.45546875 0.009722222222222222 0.008854166666666666
0 0.584375 0.45546875 0.011805555555555555 0.0078125
0 0.6041666666666667 0.45338541666666665 0.0125 0.0067708333333333336
0 0.6243055555555556 0.45390625 0.0125 0.009895833333333333
0 0.6440972222222222 0.45260416666666664 0.010416666666666668 0.008333333333333333
0 0.2555555555555556 0.5390625 0.0125 0.008333333333333333
0 0.25625000000000003 0.54921875 0.0125 0.0078125
0 0.259375 0.6265625 0.010416666666666668 0.007291666666666667
0 0.2763888888888889 0.5377604166666666 0.011111111111111112 0.0078125
0 0.27708333333333335 0.5486979166666667 0.011111111111111112 0.0067708333333333336
0 0.29930555555555555 0.53671875 0.011111111111111112 0.0067708333333333336
0 0.2989583333333333 0.5486979166666667 0.011805555555555555 0.0078125
0 0.31909722222222225 0.5369791666666667 0.013194444444444444 0.007291666666666667
0 0.3197916666666667 0.5473958333333333 0.011805555555555555 0.007291666666666667
0 0.340625 0.5354166666666667 0.011805555555555555 0.008333333333333333
0 0.3416666666666667 0.5471354166666667 0.0125 0.0078125
0 0.36215277777777777 0.5348958333333333 0.010416666666666668 0.009375
0 0.36319444444444443 0.5458333333333333 0.0125 0.008333333333333333
0 0.3836805555555556 0.53515625 0.011805555555555555 0.008854166666666666
0 0.38333333333333336 0.5463541666666667 0.0125 0.007291666666666667
0 0.4041666666666667 0.534375 0.011111111111111112 0.008333333333333333
0 0.4041666666666667 0.54453125 0.0125 0.009895833333333333
0 0.42534722222222227 0.5330729166666667 0.014583333333333334 0.009895833333333333
0 0.4256944444444445 0.54375 0.01388888888888889 0.009375
0 0.4465277777777778 0.5325520833333334 0.0125 0.008854166666666666
0 0.446875 0.5440104166666666 0.013194444444444444 0.008854166666666666
0 0.46631944444444445 0.5317708333333333 0.011805555555555555 0.007291666666666667
0 0.46805555555555556 0.5421875 0.0125 0.007291666666666667
0 0.4871527777777778 0.53125 0.013194444444444444 0.009375
0 0.48750000000000004 0.5421875 0.015277777777777779 0.008333333333333333
0 0.5072916666666667 0.53046875 0.013194444444444444 0.0078125
0 0.5079861111111111 0.54140625 0.015972222222222224 0.0078125
0 0.5277777777777778 0.5299479166666666 0.0125 0.0078125
0 0.5284722222222222 0.5401041666666666 0.01388888888888889 0.008333333333333333
0 0.5482638888888889 0.52890625 0.014583333333333334 0.008854166666666666
0 0.5482638888888889 0.5393229166666667 0.013194444444444444 0.008854166666666666
0 0.5677083333333334 0.5286458333333334 0.011805555555555555 0.009375
0 0.5697916666666667 0.5385416666666667 0.014583333333333334 0.007291666666666667
0 0.5892361111111112 0.5276041666666667 0.011805555555555555 0.008333333333333333
0 0.5899305555555556 0.5380208333333333 0.013194444444444444 0.008333333333333333
0 0.6083333333333334 0.5268229166666667 0.015277777777777779 0.0078125
0 0.609375 0.53671875 0.013194444444444444 0.008854166666666666
0 0.6291666666666667 0.5263020833333333 0.015277777777777779 0.0078125
0 0.6295138888888889 0.5372395833333333 0.013194444444444444 0.008854166666666666
0 0.6482638888888889 0.5263020833333333 0.011805555555555555 0.0078125
0 0.6493055555555556 0.5359375 0.0125 0.007291666666666667
0 0.2809027777777778 0.6255208333333333 0.013194444444444444 0.008333333333333333
0 0.30173611111111115 0.6236979166666666 0.011805555555555555 0.0078125
0 0.3232638888888889 0.6223958333333334 0.010416666666666668 0.008333333333333333
0 0.3458333333333333 0.6221354166666666 0.009722222222222222 0.0067708333333333336
0 0.3666666666666667 0.6213541666666667 0.0125 0.008333333333333333
0 0.38645833333333335 0.6200520833333333 0.010416666666666668 0.0078125
0 0.409375 0.61953125 0.010416666666666668 0.0067708333333333336
0 0.4291666666666667 0.6184895833333334 0.011111111111111112 0.0067708333333333336
0 0.4496527777777778 0.6174479166666667 0.011805555555555555 0.0078125
0 0.4708333333333333 0.6166666666666667 0.011111111111111112 0.007291666666666667
0 0.4920138888888889 0.6151041666666667 0.009027777777777779 0.00625
0 0.5118055555555556 0.61484375 0.011111111111111112 0.0067708333333333336
0 0.5326388888888889 0.6135416666666667 0.0125 0.009375
0 0.5534722222222223 0.6125 0.0125 0.008333333333333333
0 0.5732638888888889 0.6125 0.013194444444444444 0.008333333333333333
0 0.59375 0.61171875 0.0125 0.008854166666666666
0 0.6135416666666667 0.6109375 0.011805555555555555 0.008333333333333333
0 0.6333333333333333 0.6098958333333333 0.011111111111111112 0.007291666666666667
0 0.6548611111111111 0.6091145833333333 0.01388888888888889 0.008854166666666666
