0 0.22708333333333333 0.4765625 0.016666666666666666 0.009375
0 0.24131944444444445 0.4861979166666667 0.014583333333333334 0.008854166666666666
0 0.2555555555555556 0.496875 0.0125 0.008333333333333333
0 0.26944444444444443 0.5065104166666666 0.01388888888888889 0.0109375
0 0.2847222222222222 0.5158854166666667 0.01388888888888889 0.009895833333333333
0 0.2986111111111111 0.5255208333333333 0.01388888888888889 0.009375
0 0.31319444444444444 0.53515625 0.01388888888888889 0.008854166666666666
0 0.32708333333333334 0.54453125 0.015277777777777779 0.009895833333333333
0 0.3420138888888889 0.55390625 0.014583333333333334 0.009895833333333333
0 0.35625 0.5635416666666666 0.015277777777777779 0.008333333333333333
0 0.3701388888888889 0.5736979166666667 0.015277777777777779 0.009895833333333333
0 0.3840277777777778 0.5830729166666666 0.01388888888888889 0.009895833333333333
0 0.39861111111111114 0.5927083333333333 0.01388888888888889 0.009375
0 0.41250000000000003 0.6018229166666667 0.015277777777777779 0.008854166666666666
0 0.42708333333333337 0.6114583333333333 0.016666666666666666 0.009375
0 0.44062500000000004 0.6205729166666667 0.017361111111111112 0.009895833333333333
0 0.4548611111111111 0.63046875 0.01388888888888889 0.009895833333333333
0 0.4684027777777778 0.6390625 0.013194444444444444 0.010416666666666666
0 0.4822916666666667 0.6489583333333333 0.014583333333333334 0.009375
0 0.49583333333333335 0.65859375 0.015277777777777779 0.0109375
0 0.290625 0.4263020833333333 0.013194444444444444 0.008854166666666666
0 0.3 0.4200520833333333 0.01388888888888889 0.009895833333333333
0 0.30486111111111114 0.43645833333333334 0.01388888888888889 0.009375
0 0.3142361111111111 0.42916666666666664 0.014583333333333334 0.008333333333333333
0 0.32881944444444444 0.43854166666666666 0.014583333333333334 0.009375
0 0.31909722222222225 0.44609375 0.014583333333333334 0.0109375
0 0.3336805555555556 0.4557291666666667 0.013194444444444444 0.009375
0 0.3420138888888889 0.44895833333333335 0.014583333333333334 0.009375
0 0.34756944444444443 0.4653645833333333 0.014583333333333334 0.009895833333333333
0 0.35625 0.45807291666666666 0.0125 0.0109375
0 0.3614583333333333 0.475 0.013194444444444444 0.009375
0 0.3704861111111111 0.46848958333333335 0.013194444444444444 0.009895833333333333
0 0.37569444444444444 0.4848958333333333 0.0125 0.008333333333333333
0 0.38993055555555556 0.4947916666666667 0.010416666666666668 0.008333333333333333
0 0.40347222222222223 0.5036458333333333 0.01388888888888889 0.009375
0 0.38506944444444446 0.4770833333333333 0.013194444444444444 0.009375
0 0.39861111111111114 0.48723958333333334 0.0125 0.008854166666666666
0 0.4118055555555556 0.4966145833333333 0.0125 0.009895833333333333
0 0.4170138888888889 0.5130208333333334 0.013194444444444444 0.009375
0 0.4322916666666667 0.5234375 0.014583333333333334 0.009375
0 0.4461805555555556 0.5325520833333334 0.013194444444444444 0.009895833333333333
0 0.4590277777777778 0.5421875 0.01388888888888889 0.009375
0 0.47326388888888893 0.5518229166666666 0.013194444444444444 0.0078125
0 0.48784722222222227 0.5614583333333333 0.013194444444444444 0.009375
0 0.5013888888888889 0.5708333333333333 0.0125 0.007291666666666667
0 0.5152777777777778 0.58046875 0.0125 0.008854166666666666
0 0.5284722222222222 0.58984375 0.01388888888888889 0.008854166666666666
0 0.5423611111111112 0.5986979166666666 0.01388888888888889 0.008854166666666666
0 0.55625 0.6083333333333333 0.01388888888888889 0.009375
0 0.42673611111111115 0.50625 0.013194444444444444 0.008333333333333333
0 0.44027777777777777 0.5166666666666666 0.01388888888888889 0.009375
0 0.4545138888888889 0.5252604166666667 0.011805555555555555 0.008854166666666666
0 0.46805555555555556 0.534375 0.01388888888888889 0.009375
0 0.48159722222222223 0.5440104166666666 0.013194444444444444 0.009895833333333333
0 0.49618055555555557 0.5544270833333333 0.013194444444444444 0.0109375
0 0.5100694444444445 0.56328125 0.013194444444444444 0.011979166666666666
0 0.5232638888888889 0.5723958333333333 0.014583333333333334 0.009375
0 0.5371527777777778 0.5822916666666667 0.013194444444444444 0.008333333333333333
0 0.5510416666666667 0.59140625 0.013194444444444444 0.008854166666666666
0 0.5645833333333333 0.6005208333333333 0.0125 0.010416666666666666
0 0.6229166666666667 0.5518229166666666 0.011111111111111112 0.009895833333333333
0 0.36215277777777777 0.37057291666666664 0.014583333333333334 0.0109375
0 0.37569444444444444 0.38046875 0.0125 0.008854166666666666
0 0.3902777777777778 0.38958333333333334 0.0125 0.009375
0 0.4045138888888889 0.4002604166666667 0.011805555555555555 0.008854166666666666
0 0.4184027777777778 0.40911458333333334 0.011805555555555555 0.009895833333333333
0 0.43194444444444446 0.41875 0.0125 0.008333333333333333
0 0.44583333333333336 0.42916666666666664 0.0125 0.008333333333333333
0 0.4590277777777778 0.43776041666666665 0.01388888888888889 0.009895833333333333
0 0.47361111111111115 0.44765625 0.0125 0.0109375
0 0.48680555555555555 0.45651041666666664 0.01388888888888889 0.008854166666666666
0 0.5010416666666667 0.4671875 0.011805555555555555 0.009375
0 0.5142361111111111 0.47604166666666664 0.014583333333333334 0.009375
0 0.5277777777777778 0.48541666666666666 0.0125 0.009375
0 0.5413194444444445 0.4940104166666667 0.011805555555555555 0.0109375
0 0.5545138888888889 0.5044270833333333 0.011805555555555555 0.008854166666666666
0 0.5690972222222223 0.5138020833333333 0.011805555555555555 0.009895833333333333
0 0.5822916666666667 0.5236979166666667 0.011805555555555555 0.0109375
0 0.5954861111111112 0.5328125 0.011805555555555555 0.010416666666666666
0 0.609375 0.5427083333333333 0.011805555555555555 0.013541666666666667
