0 0.3809027777777778 0.35859375 0.011805555555555555 0.008854166666666666
0 0.37951388888888893 0.3734375 0.009027777777777779 0.010416666666666666
0 0.378125 0.3875 0.009027777777777779 0.007291666666666667
0 0.37743055555555555 0.4015625 0.011805555555555555 0.010416666666666666
0 0.3753472222222222 0.4161458333333333 0.010416666666666668 0.008333333333333333
0 0.37430555555555556 0.43072916666666666 0.011111111111111112 0.007291666666666667
0 0.37395833333333334 0.44427083333333334 0.010416666666666668 0.007291666666666667
0 0.371875 0.45989583333333334 0.009027777777777779 0.00625
0 0.37118055555555557 0.47421874999999997 0.0076388888888888895 0.0078125
0 0.3704861111111111 0.48802083333333335 0.010416666666666668 0.00625
0 0.3701388888888889 0.5033854166666667 0.009722222222222222 0.0067708333333333336
0 0.3684027777777778 0.5177083333333333 0.009027777777777779 0.007291666666666667
0 0.36736111111111114 0.5322916666666666 0.009722222222222222 0.007291666666666667
0 0.36597222222222225 0.5471354166666667 0.009722222222222222 0.0067708333333333336
0 0.36423611111111115 0.5614583333333333 0.010416666666666668 0.007291666666666667
0 0.36388888888888893 0.5760416666666667 0.009722222222222222 0.007291666666666667
0 0.3614583333333333 0.590625 0.0076388888888888895 0.007291666666666667
0 0.3607638888888889 0.6052083333333333 0.009027777777777779 0.00625
0 0.3590277777777778 0.6203125 0.009722222222222222 0.005208333333333333
0 0.35868055555555556 0.6356770833333333 0.013194444444444444 0.0078125
0 0.47222222222222227 0.36432291666666666 0.0125 0.0078125
0 0.48506944444444444 0.3653645833333333 0.010416666666666668 0.008854166666666666
0 0.4708333333333333 0.37864583333333335 0.009722222222222222 0.00625
0 0.4840277777777778 0.37890625 0.01388888888888889 0.0078125
0 0.46979166666666666 0.3924479166666667 0.010416666666666668 0.008854166666666666
0 0.4829861111111111 0.3927083333333333 0.009027777777777779 0.008333333333333333
0 0.46944444444444444 0.4067708333333333 0.009722222222222222 0.008333333333333333
0 0.48194444444444445 0.40781249999999997 0.011111111111111112 0.008333333333333333
0 0.4673611111111111 0.42083333333333334 0.011111111111111112 0.007291666666666667
0 0.48125 0.42161458333333335 0.009722222222222222 0.0078125
0 0.4670138888888889 0.43515624999999997 0.011805555555555555 0.008854166666666666
0 0.48055555555555557 0.4354166666666667 0.011111111111111112 0.009375
0 0.4652777777777778 0.45 0.011111111111111112 0.007291666666666667
0 0.4791666666666667 0.45 0.009722222222222222 0.007291666666666667
0 0.46458333333333335 0.46380208333333334 0.009722222222222222 0.0078125
0 0.47847222222222224 0.4640625 0.008333333333333333 0.007291666666666667
0 0.4635416666666667 0.47734375 0.009027777777777779 0.0078125
0 0.47847222222222224 0.4783854166666667 0.009722222222222222 0.0078125
0 0.4621527777777778 0.4927083333333333 0.009027777777777779 0.007291666666666667
0 0.4760416666666667 0.4927083333333333 0.010416666666666668 0.007291666666666667
0 0.4618055555555556 0.5067708333333333 0.009722222222222222 0.007291666666666667
0 0.47395833333333337 0.5078125 0.009027777777777779 0.008333333333333333
0 0.4600694444444445 0.5216145833333333 0.009027777777777779 0.0067708333333333336
0 0.47395833333333337 0.521875 0.009027777777777779 0.008333333333333333
0 0.45972222222222225 0.5356770833333333 0.009722222222222222 0.005729166666666666
0 0.4729166666666667 0.5364583333333334 0.008333333333333333 0.007291666666666667
0 0.4590277777777778 0.5505208333333333 0.008333333333333333 0.00625
0 0.4715277777777778 0.55078125 0.009722222222222222 0.0067708333333333336
0 0.45798611111111115 0.565625 0.009027777777777779 0.007291666666666667
0 0.4715277777777778 0.5651041666666666 0.009722222222222222 0.00625
0 0.45659722222222227 0.5794270833333334 0.010416666666666668 0.0067708333333333336
0 0.4708333333333333 0.5799479166666667 0.011111111111111112 0.0067708333333333336
0 0.4552083333333333 0.59375 0.009027777777777779 0.00625
0 0.46944444444444444 0.5947916666666666 0.009722222222222222 0.008333333333333333
0 0.4545138888888889 0.6091145833333333 0.010416666666666668 0.0067708333333333336
0 0.4673611111111111 0.6098958333333333 0.008333333333333333 0.007291666666666667
0 0.4527777777777778 0.6229166666666667 0.009722222222222222 0.010416666666666666
0 0.4673611111111111 0.6244791666666667 0.009722222222222222 0.007291666666666667
0 0.45208333333333334 0.6385416666666667 0.008333333333333333 0.00625
0 0.465625 0.6385416666666667 0.009027777777777779 0.007291666666666667
0 0.5743055555555556 0.37057291666666664 0.0125 0.009895833333333333
0 0.5732638888888889 0.384375 0.010416666666666668 0.008333333333333333
0 0.5729166666666667 0.3984375 0.009722222222222222 0.008333333333333333
0 0.5715277777777777 0.4122395833333333 0.009722222222222222 0.008854166666666666
0 0.5708333333333333 0.4265625 0.009722222222222222 0.007291666666666667
0 0.5708333333333333 0.44036458333333334 0.009722222222222222 0.0078125
0 0.56875 0.4549479166666667 0.011111111111111112 0.0067708333333333336
0 0.5673611111111111 0.4692708333333333 0.011111111111111112 0.008333333333333333
0 0.5663194444444445 0.4830729166666667 0.010416666666666668 0.0067708333333333336
0 0.5663194444444445 0.49765624999999997 0.010416666666666668 0.0067708333333333336
0 0.565625 0.5119791666666667 0.010416666666666668 0.007291666666666667
0 0.5649305555555556 0.52578125 0.013194444444444444 0.0078125
0 0.5645833333333333 0.5401041666666666 0.011111111111111112 0.009375
0 0.5631944444444444 0.5544270833333333 0.011111111111111112 0.0067708333333333336
0 0.5614583333333334 0.56953125 0.010416666666666668 0.0078125
0 0.5611111111111111 0.58359375 0.011111111111111112 0.0067708333333333336
0 0.560763888888889 0.5973958333333333 0.011805555555555555 0.009375
0 0.5590277777777778 0.6122395833333333 0.011111111111111112 0.008854166666666666
0 0.5579861111111112 0.6270833333333333 0.010416666666666668 0.008333333333333333
0 0.5572916666666667 0.6421875 0.010416666666666668 0.007291666666666667
