0 0.45625 0.30625 0.023438 0.033333
0 0.458594 0.351562 0.023438 0.036458
0 0.460938 0.4 0.023438 0.035417
0 0.464453 0.445833 0.024219 0.035417
0 0.466797 0.492188 0.022656 0.032292
0 0.469531 0.538021 0.021875 0.032292
0 0.471484 0.585417 0.021094 0.03125
0 0.473438 0.63125 0.020313 0.033333
0 0.477344 0.677083 0.021875 0.03125
0 0.170703 0.330729 0.025781 0.036458
0 0.174219 0.378646 0.025 0.036458
0 0.176953 0.425521 0.024219 0.036458
0 0.18125 0.472396 0.025 0.036458
0 0.183594 0.519792 0.025 0.035417
0 0.186719 0.566667 0.023438 0.035417
0 0.190625 0.6125 0.023438 0.033333
0 0.192969 0.659896 0.023438 0.034375
0 0.196875 0.704688 0.023438 0.034375
