0 0.4126666666666666 0.63675 0.050666666666666665 0.035500000000000004
0 0.41333333333333333 0.5660000000000001 0.056 0.035
0 0.41466666666666663 0.49725 0.05333333333333333 0.0385
0 0.41533333333333333 0.42925 0.048 0.0345
0 0.415 0.361 0.05266666666666667 0.037
0 0.41533333333333333 0.29175 0.04933333333333333 0.0345
0 0.416 0.2245 0.04666666666666666 0.033
0 0.41466666666666663 0.15625 0.04533333333333333 0.0335
0 0.4136666666666666 0.08650000000000001 0.048666666666666664 0.036000000000000004
0 0.41233333333333333 0.01875 0.05266666666666667 0.0365
0 0.8486666666666667 0.018000000000000002 0.05466666666666666 0.036000000000000004
0 0.9109999999999999 0.01825 0.049999999999999996 0.0345
0 0.8473333333333333 0.0855 0.050666666666666665 0.034
0 0.9113333333333333 0.08475 0.048 0.0335
0 0.8476666666666667 0.15275 0.049999999999999996 0.0345
0 0.9123333333333333 0.15175 0.051333333333333335 0.0335
0 0.849 0.219 0.051333333333333335 0.035
0 0.9109999999999999 0.21775 0.049999999999999996 0.0335
0 0.8513333333333333 0.28675 0.04933333333333333 0.0335
0 0.9109999999999999 0.28575 0.04733333333333333 0.0335
0 0.8503333333333333 0.354 0.048666666666666664 0.035
0 0.9109999999999999 0.35175 0.048666666666666664 0.0335
0 0.849 0.4215 0.051333333333333335 0.033
0 0.9136666666666666 0.41875 0.048666666666666664 0.0335
0 0.8493333333333333 0.48675 0.04666666666666666 0.0375
0 0.9136666666666666 0.4855 0.048666666666666664 0.033
0 0.8503333333333333 0.55375 0.04466666666666667 0.0335
0 0.9139999999999999 0.55275 0.04933333333333333 0.0325
0 0.8523333333333333 0.6235 0.04733333333333333 0.034
0 0.9149999999999999 0.62075 0.051333333333333335 0.035500000000000004
