0 0.637891 0.299479 0.022656 0.036458
0 0.629297 0.346354 0.024219 0.034375
0 0.620703 0.392708 0.022656 0.035417
0 0.611719 0.438021 0.025 0.036458
0 0.603906 0.483333 0.026563 0.035417
0 0.594922 0.527083 0.022656 0.0375
0 0.585938 0.573958 0.023438 0.035417
0 0.578125 0.619271 0.021875 0.036458
0 0.569141 0.6625 0.022656 0.035417
0 0.359375 0.207812 0.025 0.042708
0 0.350391 0.254167 0.027344 0.041667
0 0.342969 0.301042 0.023438 0.0375
0 0.335938 0.347396 0.025 0.036458
0 0.326953 0.394271 0.025781 0.040625
0 0.320312 0.439062 0.021875 0.034375
0 0.312891 0.484896 0.021094 0.036458
0 0.303906 0.530729 0.025 0.036458
0 0.296094 0.575521 0.021875 0.032292
