0 0.091797 0.256771 0.035156 0.028125
0 0.167969 0.260417 0.03125 0.029167
0 0.236328 0.268229 0.038281 0.030208
0 0.30625 0.270833 0.025 0.03125
0 0.382422 0.279167 0.032031 0.027083
0 0.451563 0.282813 0.029688 0.030208
0 0.515234 0.288021 0.032031 0.030208
0 0.594141 0.29375 0.030469 0.025
0 0.662109 0.297917 0.028906 0.025
0 0.726953 0.299479 0.032031 0.028125
0 0.087109 0.644792 0.032031 0.029167
0 0.154688 0.652083 0.034375 0.033333
0 0.226562 0.652604 0.026563 0.028125
0 0.295703 0.658333 0.030469 0.035417
0 0.371484 0.661458 0.030469 0.03125
0 0.439453 0.667188 0.028906 0.028125
0 0.510547 0.672917 0.030469 0.029167
0 0.578125 0.675521 0.035938 0.032292
0 0.645703 0.674479 0.025781 0.026042
0 0.717188 0.686458 0.025 0.025
