0 0.236328 0.359375 0.027344 0.03125
0 0.308203 0.345833 0.028906 0.022917
0 0.376172 0.335417 0.024219 0.022917
0 0.444922 0.327604 0.032031 0.023958
0 0.516406 0.310417 0.026563 0.022917
0 0.586719 0.3 0.026563 0.022917
0 0.655469 0.286979 0.026563 0.023958
0 0.725 0.279167 0.035938 0.027083
0 0.793359 0.265104 0.036719 0.030208
0 0.860938 0.249479 0.034375 0.028125
0 0.276562 0.741146 0.03125 0.032292
0 0.346875 0.727083 0.029688 0.035417
0 0.413672 0.715104 0.030469 0.030208
0 0.482813 0.702083 0.032813 0.03125
0 0.553906 0.693229 0.035938 0.032292
0 0.620313 0.681771 0.032813 0.030208
0 0.690234 0.666667 0.032031 0.035417
0 0.757031 0.655729 0.035938 0.030208
0 0.824609 0.641667 0.030469 0.035417
0 0.894922 0.632292 0.038281 0.0375
