0 0.242188 0.339062 0.026563 0.036458
0 0.311719 0.336458 0.03125 0.03125
0 0.3875 0.342187 0.035938 0.030208
0 0.451953 0.33125 0.030469 0.035417
0 0.526953 0.333854 0.028906 0.026042
0 0.592578 0.326562 0.025781 0.026042
0 0.667578 0.325 0.032031 0.029167
0 0.734375 0.320312 0.028125 0.028125
0 0.805859 0.319792 0.038281 0.027083
0 0.875 0.315104 0.040625 0.028125
0 0.258203 0.721354 0.032031 0.038542
0 0.325391 0.720833 0.028906 0.033333
0 0.396484 0.717187 0.033594 0.034375
0 0.463672 0.713542 0.032031 0.027083
0 0.535547 0.711458 0.033594 0.022917
0 0.606641 0.710938 0.028906 0.023958
0 0.669922 0.704688 0.032031 0.030208
0 0.741016 0.703646 0.033594 0.032292
0 0.809375 0.700521 0.0375 0.028125
0 0.879688 0.697396 0.034375 0.030208
