0 0.1465 0.03833333333333333 0.03 0.038
0 0.18375 0.03733333333333333 0.029500000000000002 0.04
0 0.438 0.03166666666666666 0.034 0.041999999999999996
0 0.145 0.10533333333333333 0.033 0.04533333333333333
0 0.1825 0.104 0.032 0.04
0 0.4385 0.09966666666666667 0.035 0.041999999999999996
0 0.14325000000000002 0.17533333333333334 0.0335 0.04133333333333333
0 0.1825 0.17533333333333334 0.03 0.04133333333333333
0 0.44 0.16966666666666666 0.032 0.043333333333333335
0 0.14425 0.247 0.029500000000000002 0.035333333333333335
0 0.1815 0.24533333333333332 0.028 0.04
0 0.44125000000000003 0.239 0.0315 0.043333333333333335
0 0.14225000000000002 0.318 0.029500000000000002 0.04133333333333333
0 0.181 0.3173333333333333 0.033 0.04533333333333333
0 0.44275000000000003 0.31166666666666665 0.0345 0.04466666666666667
0 0.14350000000000002 0.38866666666666666 0.034 0.04666666666666666
0 0.181 0.388 0.029 0.04533333333333333
0 0.44475000000000003 0.38266666666666665 0.0325 0.04666666666666666
0 0.14075000000000001 0.46499999999999997 0.0305 0.038
0 0.1805 0.4623333333333333 0.03 0.035333333333333335
0 0.44425000000000003 0.45566666666666666 0.029500000000000002 0.041999999999999996
0 0.13975 0.537 0.0285 0.04066666666666666
0 0.17875 0.5363333333333333 0.0305 0.03933333333333333
0 0.445 0.5286666666666666 0.033 0.044
0 0.1395 0.6113333333333333 0.033 0.042666666666666665
0 0.17925 0.6093333333333333 0.0315 0.044
0 0.4455 0.602 0.034 0.04133333333333333
0 0.139 0.6859999999999999 0.034 0.04533333333333333
0 0.17875 0.6846666666666666 0.0305 0.048
0 0.447 0.6776666666666666 0.037 0.04466666666666667
0 0.1385 0.7626666666666666 0.033 0.042666666666666665
0 0.17875 0.762 0.0305 0.04666666666666666
0 0.449 0.7533333333333333 0.035 0.04933333333333333
0 0.138 0.8383333333333333 0.032 0.046
0 0.17825 0.8376666666666667 0.0315 0.048666666666666664
0 0.4495 0.8293333333333333 0.034 0.048
0 0.13675 0.9173333333333333 0.029500000000000002 0.04133333333333333
0 0.17725 0.9159999999999999 0.0335 0.04933333333333333
0 0.45 0.9083333333333333 0.035 0.04733333333333333
0 0.1365 0.986 0.031 0.022666666666666665
0 0.17575000000000002 0.9853333333333333 0.0285 0.024
0 0.45175 0.9803333333333333 0.0335 0.03666666666666667
