0 0.39175 0.409 0.0275 0.035333333333333335
0 0.3905 0.477 0.028 0.035333333333333335
0 0.38875 0.5456666666666666 0.0275 0.035333333333333335
0 0.38525 0.614 0.0285 0.03733333333333333
0 0.38425 0.6846666666666666 0.0265 0.036
0 0.382 0.7553333333333333 0.028 0.03733333333333333
0 0.3785 0.8256666666666667 0.029 0.03666666666666667
0 0.37775000000000003 0.8976666666666666 0.029500000000000002 0.038
0 0.37425 0.971 0.0275 0.035333333333333335
0 0.6415 0.9626666666666667 0.027 0.03733333333333333
0 0.642 0.89 0.028 0.04
0 0.64225 0.8186666666666667 0.0265 0.036
0 0.6445 0.7476666666666666 0.026000000000000002 0.035333333333333335
0 0.64425 0.6759999999999999 0.0275 0.03733333333333333
0 0.64525 0.607 0.0285 0.03666666666666667
0 0.646 0.538 0.026000000000000002 0.034666666666666665
0 0.64675 0.471 0.025500000000000002 0.033999999999999996
0 0.648 0.40399999999999997 0.025 0.03333333333333333
0 0.684 0.4023333333333333 0.027 0.03133333333333333
0 0.68375 0.4696666666666667 0.0265 0.03266666666666666
0 0.684 0.5376666666666666 0.027 0.03133333333333333
0 0.68275 0.6056666666666667 0.025500000000000002 0.033999999999999996
0 0.68225 0.6753333333333333 0.0265 0.036
0 0.681 0.745 0.025 0.033999999999999996
0 0.68125 0.8173333333333334 0.0265 0.03333333333333333
0 0.6805 0.889 0.027 0.035333333333333335
0 0.68025 0.9606666666666667 0.0285 0.034666666666666665
0 0.93725 0.3963333333333333 0.0275 0.03666666666666667
0 0.9380000000000001 0.46399999999999997 0.027 0.03333333333333333
0 0.93825 0.531 0.0305 0.038
0 0.9385 0.5993333333333333 0.03 0.036
0 0.93975 0.6686666666666666 0.029500000000000002 0.036
0 0.94125 0.7386666666666667 0.0315 0.04133333333333333
0 0.9430000000000001 0.8099999999999999 0.029 0.04
0 0.94425 0.883 0.0285 0.041999999999999996
0 0.9450000000000001 0.9553333333333333 0.029 0.042666666666666665
