0 0.3735 0.042666666666666665 0.03 0.04
0 0.371 0.11866666666666666 0.03 0.03866666666666667
0 0.37 0.19433333333333333 0.03 0.04066666666666666
0 0.36575 0.27066666666666667 0.0315 0.04133333333333333
0 0.36325 0.3476666666666667 0.0305 0.03933333333333333
0 0.36025 0.426 0.0315 0.04
0 0.358 0.505 0.03 0.04066666666666666
0 0.357 0.5846666666666667 0.031 0.042666666666666665
0 0.355 0.6643333333333333 0.031 0.041999999999999996
0 0.353 0.7473333333333333 0.032 0.042666666666666665
0 0.35100000000000003 0.829 0.032 0.043333333333333335
0 0.64025 0.036333333333333336 0.029500000000000002 0.03933333333333333
0 0.6795 0.034999999999999996 0.028 0.04066666666666666
0 0.6395000000000001 0.112 0.029 0.03866666666666667
0 0.67925 0.11 0.0285 0.03866666666666667
0 0.6395000000000001 0.18633333333333332 0.029 0.038
0 0.679 0.18566666666666667 0.029 0.03933333333333333
0 0.639 0.263 0.03 0.03933333333333333
0 0.67775 0.261 0.0305 0.04066666666666666
0 0.63775 0.3383333333333333 0.0315 0.04066666666666666
0 0.6775 0.33799999999999997 0.032 0.03866666666666667
0 0.6365000000000001 0.41833333333333333 0.031 0.03933333333333333
0 0.67675 0.417 0.0305 0.03933333333333333
0 0.6365000000000001 0.49566666666666664 0.03 0.041999999999999996
0 0.6765 0.4943333333333333 0.032 0.041999999999999996
0 0.63525 0.577 0.0305 0.043333333333333335
0 0.67675 0.575 0.0305 0.041999999999999996
0 0.634 0.6566666666666666 0.031 0.044
0 0.67625 0.6543333333333333 0.0315 0.043333333333333335
0 0.635 0.7383333333333333 0.031 0.043333333333333335
0 0.67475 0.737 0.0325 0.04466666666666667
0 0.6325000000000001 0.823 0.032 0.04466666666666667
0 0.67425 0.8203333333333334 0.0335 0.04733333333333333
0 0.9455 0.028999999999999998 0.031 0.041999999999999996
0 0.9470000000000001 0.104 0.029 0.04
0 0.94775 0.17766666666666667 0.0325 0.04066666666666666
0 0.94875 0.25466666666666665 0.0325 0.04
0 0.95025 0.33066666666666666 0.0325 0.04133333333333333
0 0.9510000000000001 0.408 0.033 0.04133333333333333
0 0.95225 0.48633333333333334 0.0325 0.043333333333333335
0 0.95375 0.566 0.0305 0.04133333333333333
0 0.95375 0.6466666666666666 0.0325 0.04533333333333333
0 0.95475 0.7276666666666667 0.0325 0.04466666666666667
0 0.95625 0.8116666666666666 0.0315 0.046
