0 0.287109 0.297396 0.024219 0.032292
0 0.285547 0.34375 0.022656 0.0375
0 0.287109 0.389583 0.025781 0.035417
0 0.285938 0.435937 0.021875 0.036458
0 0.286328 0.483333 0.022656 0.035417
0 0.2875 0.529687 0.021875 0.034375
0 0.286719 0.575 0.021875 0.039583
0 0.288281 0.623958 0.023438 0.03125
0 0.288281 0.670833 0.01875 0.029167
0 0.56875 0.296875 0.023438 0.035417
0 0.567578 0.345833 0.019531 0.033333
0 0.569531 0.391667 0.023438 0.03125
0 0.567578 0.4375 0.021094 0.033333
0 0.56875 0.485937 0.023438 0.032292
0 0.567188 0.530208 0.021875 0.03125
0 0.566406 0.577083 0.021875 0.029167
0 0.564453 0.622917 0.021094 0.029167
0 0.566406 0.666667 0.023438 0.03125
