0 0.32125 0.18666666666666665 0.0385 0.04666666666666666
0 0.3545 0.241 0.04 0.05533333333333333
0 0.39 0.29633333333333334 0.041 0.05533333333333333
0 0.42475 0.35433333333333333 0.0425 0.051333333333333335
0 0.45975 0.4076666666666667 0.0395 0.05266666666666667
0 0.496 0.4643333333333333 0.041 0.054
0 0.5295 0.5173333333333333 0.044 0.06
0 0.56775 0.5756666666666667 0.0425 0.06066666666666667
0 0.6035 0.6323333333333333 0.043000000000000003 0.05933333333333333
0 0.64075 0.6906666666666667 0.0415 0.06
0 0.67825 0.7466666666666666 0.0425 0.058666666666666666
0 0.7155 0.8066666666666666 0.044 0.05733333333333333
0 0.75325 0.866 0.0415 0.056
0 0.79225 0.9253333333333333 0.0415 0.05466666666666666
0 0.8300000000000001 0.978 0.042 0.04133333333333333
0 0.554 0.03 0.04 0.050666666666666665
0 0.582 0.012333333333333333 0.039 0.024666666666666667
0 0.589 0.08133333333333333 0.039 0.052
0 0.61825 0.051 0.0415 0.05266666666666667
0 0.62425 0.13533333333333333 0.0385 0.048
0 0.65175 0.10266666666666667 0.0395 0.05466666666666666
0 0.66 0.188 0.04 0.052
0 0.6880000000000001 0.15633333333333332 0.04 0.05266666666666667
0 0.6965 0.241 0.04 0.05266666666666667
0 0.7232500000000001 0.21133333333333332 0.0375 0.050666666666666665
0 0.7302500000000001 0.29666666666666663 0.0405 0.05333333333333333
0 0.76 0.2643333333333333 0.038 0.051333333333333335
0 0.76725 0.3516666666666666 0.0405 0.05533333333333333
0 0.79625 0.3193333333333333 0.0405 0.056
0 0.80425 0.407 0.0415 0.057999999999999996
0 0.8315 0.3753333333333333 0.039 0.05466666666666666
0 0.84175 0.4633333333333333 0.0395 0.05333333333333333
0 0.8705 0.43 0.041 0.056
0 0.87825 0.5186666666666666 0.0395 0.05333333333333333
0 0.9065 0.486 0.04 0.052
0 0.91625 0.577 0.0425 0.05533333333333333
0 0.9450000000000001 0.5423333333333333 0.041 0.054
0 0.9540000000000001 0.634 0.038 0.050666666666666665
0 0.9805 0.597 0.038 0.054
0 0.986 0.6903333333333334 0.027 0.05266666666666667
0 0.917 0.010666666666666666 0.038 0.022666666666666665
0 0.9530000000000001 0.053 0.038 0.046
0 0.9845 0.104 0.03 0.052
