0 0.01925 0.47866666666666663 0.0365 0.048
0 0.0475 0.44666666666666666 0.038 0.050666666666666665
0 0.0535 0.529 0.041 0.049999999999999996
0 0.0805 0.49966666666666665 0.042 0.051333333333333335
0 0.0885 0.583 0.04 0.051333333333333335
0 0.11750000000000001 0.5503333333333333 0.04 0.048666666666666664
0 0.1235 0.6343333333333333 0.04 0.051333333333333335
0 0.1515 0.6023333333333333 0.041 0.051333333333333335
0 0.15925 0.6893333333333334 0.0425 0.052
0 0.18675 0.656 0.0415 0.056
0 0.19425 0.7433333333333333 0.0405 0.05466666666666666
0 0.22325 0.7103333333333333 0.0385 0.054
0 0.2305 0.7966666666666666 0.041 0.056
0 0.25975 0.7643333333333333 0.0405 0.056666666666666664
0 0.2675 0.8513333333333333 0.039 0.052
0 0.29425 0.819 0.0405 0.056666666666666664
0 0.304 0.9073333333333333 0.044 0.06
0 0.3315 0.873 0.042 0.057999999999999996
0 0.341 0.9626666666666667 0.041 0.05733333333333333
0 0.37025 0.9293333333333333 0.0405 0.06
0 0.40750000000000003 0.9796666666666667 0.041 0.03933333333333333
0 0.0075 0.9636666666666667 0.016 0.054
0 0.23875000000000002 0.245 0.0375 0.04733333333333333
0 0.273 0.29566666666666663 0.039 0.04733333333333333
0 0.30875 0.346 0.0385 0.04933333333333333
0 0.34500000000000003 0.39699999999999996 0.038 0.049999999999999996
0 0.38025000000000003 0.4483333333333333 0.0395 0.05266666666666667
0 0.41600000000000004 0.5003333333333333 0.039 0.051333333333333335
0 0.45225 0.5533333333333333 0.0385 0.050666666666666665
0 0.48925 0.6053333333333333 0.0395 0.05333333333333333
0 0.5255 0.6586666666666666 0.039 0.050666666666666665
0 0.56225 0.7133333333333333 0.0405 0.052
0 0.60075 0.7656666666666666 0.0395 0.054
0 0.638 0.8213333333333334 0.039 0.048
0 0.67575 0.8753333333333333 0.0405 0.052
0 0.71425 0.9316666666666666 0.0415 0.05533333333333333
0 0.7535000000000001 0.9793333333333333 0.042 0.04
