0 0.0245 0.5806666666666667 0.029 0.03733333333333333
0 0.0815 0.581 0.028 0.035333333333333335
0 0.137 0.5803333333333334 0.028 0.038
0 0.193 0.579 0.028 0.035333333333333335
0 0.249 0.577 0.027 0.03933333333333333
0 0.30425 0.576 0.0285 0.03866666666666667
0 0.3615 0.5746666666666667 0.03 0.04
0 0.41600000000000004 0.574 0.028 0.04
0 0.47225 0.5723333333333334 0.0285 0.03933333333333333
0 0.528 0.573 0.027 0.038
0 0.014750000000000001 0.9433333333333334 0.0285 0.04
0 0.014750000000000001 0.9893333333333333 0.0275 0.02
0 0.07175000000000001 0.943 0.0285 0.03933333333333333
0 0.07150000000000001 0.9873333333333333 0.031 0.021333333333333333
0 0.13025 0.9423333333333334 0.0305 0.03933333333333333
0 0.13025 0.9873333333333333 0.0305 0.021333333333333333
0 0.18825 0.9403333333333334 0.0285 0.04066666666666666
0 0.188 0.987 0.031 0.022
0 0.24575 0.9393333333333334 0.0285 0.03866666666666667
0 0.245 0.9866666666666666 0.03 0.024
0 0.303 0.9393333333333334 0.03 0.03866666666666667
0 0.303 0.987 0.03 0.024666666666666667
0 0.3595 0.938 0.028 0.04
0 0.3605 0.9856666666666666 0.03 0.02733333333333333
0 0.417 0.9353333333333333 0.03 0.04
0 0.4185 0.985 0.029 0.024666666666666667
0 0.47575 0.9343333333333333 0.0285 0.03933333333333333
0 0.47650000000000003 0.984 0.03 0.028
0 0.5327500000000001 0.9343333333333333 0.0285 0.03933333333333333
0 0.53325 0.9836666666666667 0.0305 0.028666666666666667
0 0.58375 0.571 0.0235 0.035333333333333335
0 0.64075 0.5686666666666667 0.0275 0.03733333333333333
0 0.6965 0.569 0.028 0.03666666666666667
0 0.753 0.567 0.028 0.03666666666666667
0 0.809 0.5656666666666667 0.028 0.035333333333333335
0 0.8645 0.5656666666666667 0.028 0.03666666666666667
0 0.9205 0.5646666666666667 0.029 0.03733333333333333
0 0.97875 0.5636666666666666 0.0285 0.035333333333333335
0 0.59025 0.9329999999999999 0.0285 0.04066666666666666
0 0.59275 0.983 0.029500000000000002 0.03
0 0.64675 0.9326666666666666 0.0315 0.04
0 0.6485 0.982 0.031 0.028
0 0.70575 0.9293333333333333 0.029500000000000002 0.04133333333333333
0 0.707 0.9813333333333333 0.031 0.03333333333333333
0 0.76275 0.9309999999999999 0.0305 0.03933333333333333
0 0.765 0.9816666666666667 0.029 0.03266666666666666
0 0.82075 0.9273333333333333 0.029500000000000002 0.03866666666666667
0 0.82375 0.981 0.0315 0.035333333333333335
0 0.8775000000000001 0.9283333333333333 0.03 0.04066666666666666
0 0.88125 0.9793333333333333 0.0335 0.03733333333333333
0 0.93625 0.9273333333333333 0.0315 0.03866666666666667
0 0.93825 0.9806666666666667 0.0315 0.034666666666666665
0 0.9892500000000001 0.9259999999999999 0.0205 0.04
0 0.9912500000000001 0.98 0.0165 0.03866666666666667
