0 0.41175 0.08233333333333333 0.0285 0.038
0 0.46950000000000003 0.082 0.028 0.03733333333333333
0 0.526 0.08033333333333333 0.027 0.03666666666666667
0 0.58125 0.08066666666666666 0.0265 0.03733333333333333
0 0.63675 0.079 0.029500000000000002 0.03933333333333333
0 0.6925 0.07766666666666666 0.028 0.035333333333333335
0 0.74875 0.07633333333333334 0.0265 0.038
0 0.805 0.07566666666666666 0.027 0.03933333333333333
0 0.39925 0.445 0.0275 0.03933333333333333
0 0.4575 0.4443333333333333 0.027 0.038
0 0.51475 0.44466666666666665 0.0285 0.04
0 0.57175 0.443 0.029500000000000002 0.04066666666666666
0 0.6305000000000001 0.442 0.029 0.03866666666666667
0 0.6880000000000001 0.43966666666666665 0.031 0.04066666666666666
0 0.746 0.43866666666666665 0.032 0.042666666666666665
0 0.8035 0.437 0.03 0.03933333333333333
0 0.398 0.5013333333333333 0.031 0.042666666666666665
0 0.45675 0.4993333333333333 0.0275 0.03866666666666667
0 0.51375 0.498 0.0265 0.04133333333333333
0 0.57225 0.4983333333333333 0.0285 0.041999999999999996
0 0.63075 0.497 0.0305 0.04066666666666666
0 0.6880000000000001 0.49366666666666664 0.028 0.03666666666666667
0 0.7455 0.496 0.031 0.03866666666666667
0 0.8035 0.49266666666666664 0.027 0.03866666666666667
0 0.386 0.8856666666666666 0.028 0.041999999999999996
0 0.44625000000000004 0.885 0.029500000000000002 0.046
0 0.50425 0.8856666666666666 0.0315 0.04466666666666667
0 0.5640000000000001 0.8853333333333333 0.03 0.044
0 0.623 0.8836666666666666 0.031 0.046
0 0.683 0.8843333333333333 0.031 0.04466666666666667
0 0.74075 0.8836666666666666 0.0315 0.046
0 0.80175 0.8813333333333333 0.0335 0.048
0 0.861 0.8786666666666666 0.03 0.04533333333333333
0 0.9177500000000001 0.88 0.0285 0.044
0 0.9785 0.8786666666666666 0.029 0.04533333333333333
0 0.8605 0.074 0.028 0.04
0 0.9175 0.073 0.029 0.038
0 0.9732500000000001 0.07333333333333333 0.029500000000000002 0.04133333333333333
0 0.8595 0.43666666666666665 0.031 0.042666666666666665
0 0.8605 0.4923333333333333 0.032 0.041999999999999996
0 0.91825 0.4363333333333333 0.0305 0.04066666666666666
0 0.91825 0.49133333333333334 0.0315 0.042666666666666665
0 0.9772500000000001 0.4343333333333333 0.029500000000000002 0.04466666666666667
0 0.97675 0.48966666666666664 0.0325 0.046
