0 0.75575 0.004 0.0315 0.009333333333333332
0 0.7575000000000001 0.058333333333333334 0.03 0.038
0 0.75775 0.12733333333333333 0.0305 0.04133333333333333
0 0.75975 0.19833333333333333 0.029500000000000002 0.03933333333333333
0 0.7615000000000001 0.27 0.029 0.03866666666666667
0 0.7615000000000001 0.3406666666666667 0.029 0.03866666666666667
0 0.7635000000000001 0.4126666666666666 0.029 0.04
0 0.76425 0.48733333333333334 0.029500000000000002 0.036
0 0.7655000000000001 0.5596666666666666 0.028 0.03933333333333333
0 0.7665000000000001 0.635 0.029 0.03933333333333333
0 0.767 0.7116666666666667 0.031 0.04066666666666666
0 0.76825 0.7869999999999999 0.0305 0.041999999999999996
0 0.76925 0.864 0.029500000000000002 0.04133333333333333
0 0.77025 0.9413333333333334 0.0345 0.04533333333333333
0 0.993 0.007666666666666666 0.009000000000000001 0.015333333333333332
0 0.99475 0.058666666666666666 0.0095 0.04933333333333333
0 0.9955 0.129 0.008 0.046
