0 0.257 0.489 0.027 0.03933333333333333
0 0.25875 0.5599999999999999 0.0265 0.036
0 0.25825 0.627 0.0285 0.038
0 0.2595 0.6973333333333334 0.029 0.03866666666666667
0 0.261 0.7693333333333333 0.03 0.04
0 0.26175 0.8413333333333333 0.0265 0.03866666666666667
0 0.26425 0.9129999999999999 0.029500000000000002 0.041999999999999996
0 0.26475 0.9826666666666667 0.0285 0.030666666666666665
0 0.51575 0.49166666666666664 0.0275 0.03666666666666667
0 0.516 0.5609999999999999 0.029 0.04066666666666666
0 0.519 0.63 0.028 0.03733333333333333
0 0.52175 0.7006666666666667 0.0265 0.03733333333333333
0 0.52375 0.7706666666666666 0.0275 0.036
0 0.5265 0.8413333333333333 0.028 0.036
0 0.5285 0.9153333333333333 0.03 0.03866666666666667
0 0.53075 0.984 0.0305 0.028
0 0.552 0.49033333333333334 0.029 0.03933333333333333
0 0.55475 0.5593333333333333 0.0285 0.03733333333333333
0 0.55775 0.6303333333333333 0.0285 0.03666666666666667
0 0.56075 0.6996666666666667 0.0275 0.035333333333333335
0 0.562 0.7696666666666666 0.03 0.038
0 0.5655 0.843 0.028 0.035333333333333335
0 0.56775 0.9153333333333333 0.0305 0.03866666666666667
0 0.5710000000000001 0.9833333333333333 0.028 0.030666666666666665
0 0.80825 0.4943333333333333 0.0275 0.03266666666666666
0 0.81225 0.5636666666666666 0.0275 0.035333333333333335
0 0.81725 0.633 0.029500000000000002 0.03666666666666667
0 0.82075 0.7016666666666667 0.0285 0.035333333333333335
0 0.82525 0.7743333333333333 0.0305 0.04066666666666666
0 0.8290000000000001 0.8463333333333333 0.029 0.038
0 0.83325 0.9183333333333333 0.029500000000000002 0.03933333333333333
0 0.83775 0.985 0.0315 0.028666666666666667
