0 0.1795 0.011333333333333332 0.031 0.024
0 0.18 0.07066666666666667 0.032 0.03866666666666667
0 0.1815 0.14066666666666666 0.029 0.03733333333333333
0 0.1825 0.21133333333333332 0.028 0.03733333333333333
0 0.183 0.28099999999999997 0.03 0.041999999999999996
0 0.184 0.35266666666666663 0.028 0.03733333333333333
0 0.18525 0.42666666666666664 0.0275 0.03733333333333333
0 0.187 0.498 0.026000000000000002 0.03733333333333333
0 0.187 0.5713333333333334 0.027 0.03866666666666667
0 0.18825 0.6463333333333333 0.029500000000000002 0.04066666666666666
0 0.19075 0.7216666666666667 0.0275 0.03933333333333333
0 0.19125 0.7976666666666666 0.029500000000000002 0.03933333333333333
0 0.192 0.8756666666666666 0.028 0.041999999999999996
0 0.193 0.9536666666666667 0.029 0.043333333333333335
