0 0.1405 0.33666666666666667 0.027 0.034666666666666665
0 0.139 0.4063333333333333 0.025 0.033999999999999996
0 0.136 0.4723333333333333 0.026000000000000002 0.035333333333333335
0 0.1345 0.5393333333333333 0.027 0.036
0 0.131 0.607 0.028 0.035333333333333335
0 0.129 0.6763333333333333 0.025 0.033999999999999996
0 0.127 0.747 0.025 0.03266666666666666
0 0.12475 0.8176666666666667 0.0265 0.033999999999999996
0 0.12125 0.8876666666666666 0.0275 0.03933333333333333
0 0.11925000000000001 0.96 0.029500000000000002 0.036
0 0.38825 0.31866666666666665 0.0265 0.034666666666666665
0 0.387 0.38566666666666666 0.029 0.033999999999999996
0 0.3865 0.45266666666666666 0.028 0.03333333333333333
0 0.3865 0.521 0.028 0.033999999999999996
0 0.38425 0.5886666666666667 0.029500000000000002 0.036
0 0.38475 0.6576666666666666 0.0285 0.035333333333333335
0 0.38325000000000004 0.7296666666666667 0.0285 0.035333333333333335
0 0.3835 0.7999999999999999 0.028 0.03733333333333333
0 0.3815 0.8706666666666666 0.029 0.034666666666666665
0 0.38225000000000003 0.9443333333333332 0.029500000000000002 0.03666666666666667
0 0.42375 0.315 0.0275 0.03
0 0.42275 0.38266666666666665 0.029500000000000002 0.032
0 0.42375 0.451 0.0275 0.035333333333333335
0 0.423 0.516 0.027 0.030666666666666665
0 0.422 0.5856666666666667 0.028 0.03266666666666666
0 0.423 0.655 0.027 0.035333333333333335
0 0.42175 0.725 0.0275 0.03266666666666666
0 0.4225 0.7956666666666666 0.027 0.035333333333333335
0 0.4215 0.8703333333333333 0.03 0.035333333333333335
0 0.42025 0.9413333333333334 0.0285 0.036
0 0.677 0.299 0.025 0.03266666666666666
0 0.677 0.36833333333333335 0.025 0.03
0 0.679 0.435 0.026000000000000002 0.03266666666666666
0 0.679 0.502 0.025 0.032
0 0.6795 0.5713333333333334 0.025 0.03333333333333333
0 0.68075 0.64 0.0265 0.032
0 0.68175 0.7106666666666667 0.0245 0.032
0 0.68375 0.78 0.025500000000000002 0.03333333333333333
0 0.68425 0.8526666666666667 0.0265 0.032
0 0.68475 0.9259999999999999 0.0265 0.03333333333333333
0 0.68775 0.99 0.0265 0.018666666666666665
0 0.80025 0.704 0.0005 0.0
