0 0.11750000000000001 0.034333333333333334 0.028 0.03933333333333333
0 0.11575 0.10766666666666666 0.0285 0.03933333333333333
0 0.1135 0.18166666666666667 0.029 0.04066666666666666
0 0.11175 0.25766666666666665 0.0275 0.038
0 0.11025 0.3333333333333333 0.029500000000000002 0.04133333333333333
0 0.10925 0.4103333333333333 0.029500000000000002 0.041999999999999996
0 0.10725 0.48866666666666664 0.029500000000000002 0.044
0 0.1055 0.5673333333333334 0.031 0.044
0 0.10400000000000001 0.6453333333333333 0.029 0.042666666666666665
0 0.1015 0.7273333333333333 0.03 0.042666666666666665
0 0.381 0.019 0.031 0.035333333333333335
0 0.42025 0.016 0.029500000000000002 0.032
0 0.37975000000000003 0.09166666666666666 0.029500000000000002 0.038
0 0.4185 0.087 0.029 0.038
0 0.37925000000000003 0.16633333333333333 0.029500000000000002 0.038
0 0.41825 0.164 0.0305 0.036
0 0.3785 0.242 0.028 0.036
0 0.41825 0.23966666666666667 0.0285 0.038
0 0.37825000000000003 0.3193333333333333 0.0305 0.03866666666666667
0 0.41825 0.31566666666666665 0.0305 0.03666666666666667
0 0.3765 0.3973333333333333 0.032 0.04
0 0.4175 0.3923333333333333 0.031 0.04066666666666666
0 0.377 0.4746666666666666 0.03 0.042666666666666665
0 0.41675 0.47333333333333333 0.0315 0.042666666666666665
0 0.37575000000000003 0.5533333333333333 0.0315 0.04
0 0.41600000000000004 0.5523333333333333 0.033 0.041999999999999996
0 0.3755 0.633 0.031 0.041999999999999996
0 0.41575 0.631 0.0305 0.041999999999999996
0 0.3755 0.7143333333333333 0.032 0.04066666666666666
0 0.41525 0.7103333333333333 0.0315 0.041999999999999996
0 0.68675 0.008333333333333333 0.029500000000000002 0.018
0 0.687 0.071 0.03 0.03933333333333333
0 0.6885 0.14533333333333334 0.031 0.04
0 0.69025 0.22166666666666665 0.0305 0.03933333333333333
0 0.69075 0.29666666666666663 0.0325 0.044
0 0.6925 0.37466666666666665 0.03 0.042666666666666665
0 0.69325 0.4533333333333333 0.0325 0.044
0 0.6940000000000001 0.5323333333333333 0.031 0.04066666666666666
0 0.69475 0.6113333333333333 0.0315 0.04533333333333333
0 0.69475 0.6943333333333334 0.0315 0.046
