0 0.466406 0.286979 0.025 0.040625
0 0.483594 0.326042 0.028125 0.0375
0 0.500391 0.36875 0.025781 0.041667
0 0.518359 0.409375 0.024219 0.039583
0 0.535938 0.450521 0.026563 0.036458
0 0.551563 0.492188 0.023438 0.042708
0 0.569141 0.533854 0.024219 0.036458
0 0.585938 0.572917 0.026563 0.039583
0 0.603906 0.614062 0.028125 0.036458
0 0.219922 0.46875 0.027344 0.039583
0 0.236719 0.509375 0.026563 0.0375
0 0.254688 0.55 0.026563 0.039583
0 0.271875 0.591146 0.025 0.040625
0 0.288672 0.633333 0.027344 0.039583
0 0.306641 0.673438 0.027344 0.038542
0 0.321875 0.710938 0.028125 0.040625
0 0.340234 0.753125 0.028906 0.039583
0 0.357422 0.791146 0.027344 0.034375
