0 0.004 0.007666666666666666 0.009000000000000001 0.016666666666666666
0 0.05025 0.006333333333333333 0.0285 0.014
0 0.10400000000000001 0.005333333333333333 0.032 0.012
0 0.15875 0.004 0.0285 0.009333333333333332
0 0.214 0.003 0.026000000000000002 0.007333333333333333
0 0.04525 0.33499999999999996 0.025500000000000002 0.038
0 0.101 0.33299999999999996 0.027 0.03666666666666667
0 0.15875 0.3303333333333333 0.0265 0.038
0 0.2135 0.328 0.028 0.04
0 0.27 0.3263333333333333 0.028 0.03666666666666667
0 0.32575 0.3243333333333333 0.0285 0.038
0 0.38175000000000003 0.322 0.0275 0.03733333333333333
0 0.438 0.32166666666666666 0.028 0.03666666666666667
0 0.494 0.318 0.027 0.036
0 0.54925 0.3163333333333333 0.0265 0.035333333333333335
0 0.60575 0.31266666666666665 0.0265 0.03733333333333333
0 0.66225 0.312 0.0285 0.036
0 0.71525 0.30966666666666665 0.0245 0.03933333333333333
0 0.7725 0.307 0.026000000000000002 0.03666666666666667
0 0.8285 0.30666666666666664 0.029 0.03733333333333333
0 0.885 0.30333333333333334 0.027 0.03733333333333333
0 0.9410000000000001 0.30233333333333334 0.029 0.035333333333333335
