0 0.3945 0.13066666666666665 0.028 0.036
0 0.44825 0.12866666666666665 0.0265 0.036
0 0.50075 0.127 0.0285 0.03666666666666667
0 0.5535 0.12533333333333332 0.028 0.034666666666666665
0 0.60675 0.12366666666666666 0.0285 0.03266666666666666
0 0.6597500000000001 0.12166666666666666 0.0285 0.03266666666666666
0 0.71275 0.11966666666666666 0.0285 0.03266666666666666
0 0.765 0.11733333333333333 0.029 0.034666666666666665
0 0.82025 0.11633333333333333 0.0275 0.035333333333333335
0 0.8735 0.11533333333333333 0.027 0.036
0 0.92725 0.11233333333333333 0.0275 0.033999999999999996
0 0.9805 0.11166666666666666 0.029 0.035333333333333335
0 0.38475 0.4503333333333333 0.0265 0.038
0 0.3835 0.4993333333333333 0.028 0.03733333333333333
0 0.441 0.449 0.028 0.035333333333333335
0 0.439 0.49666666666666665 0.028 0.03733333333333333
0 0.495 0.447 0.03 0.03933333333333333
0 0.49525 0.495 0.0285 0.035333333333333335
0 0.54875 0.4453333333333333 0.0285 0.036
0 0.549 0.49466666666666664 0.028 0.036
0 0.60475 0.444 0.0265 0.03733333333333333
0 0.604 0.492 0.029 0.034666666666666665
0 0.6585 0.44166666666666665 0.028 0.033999999999999996
0 0.6587500000000001 0.491 0.0285 0.035333333333333335
0 0.7135 0.4403333333333333 0.028 0.03933333333333333
0 0.71425 0.48766666666666664 0.0285 0.038
0 0.76875 0.438 0.0285 0.036
0 0.376 0.8393333333333333 0.027 0.04133333333333333
0 0.433 0.837 0.029 0.03933333333333333
0 0.4885 0.8373333333333333 0.029 0.03866666666666667
0 0.54625 0.8353333333333333 0.0285 0.03733333333333333
0 0.602 0.8323333333333333 0.028 0.04066666666666666
0 0.65725 0.831 0.0285 0.038
0 0.71325 0.8283333333333333 0.0285 0.03933333333333333
0 0.77 0.826 0.027 0.03733333333333333
0 0.8255 0.824 0.028 0.03866666666666667
0 0.8815000000000001 0.8216666666666667 0.029 0.038
0 0.9380000000000001 0.82 0.029 0.04
0 0.98875 0.818 0.0195 0.04
0 0.76825 0.486 0.0275 0.03333333333333333
0 0.82225 0.43766666666666665 0.0285 0.035333333333333335
0 0.82275 0.48566666666666664 0.0265 0.03266666666666666
0 0.87675 0.43566666666666665 0.0285 0.035333333333333335
0 0.877 0.48333333333333334 0.029 0.03733333333333333
0 0.9305 0.43266666666666664 0.029 0.036
0 0.9325 0.48066666666666663 0.031 0.03733333333333333
0 0.9845 0.42966666666666664 0.028 0.038
0 0.9855 0.479 0.026000000000000002 0.03666666666666667
