0 0.03075 0.108 0.0265 0.036
0 0.08475 0.107 0.0265 0.03666666666666667
0 0.1385 0.10333333333333333 0.03 0.030666666666666665
0 0.19125 0.10266666666666667 0.0275 0.034666666666666665
0 0.2435 0.10066666666666667 0.029 0.034666666666666665
0 0.2965 0.10033333333333333 0.029 0.035333333333333335
0 0.35025 0.09933333333333333 0.0275 0.03733333333333333
0 0.40325 0.09566666666666666 0.0305 0.035333333333333335
0 0.0395 0.42833333333333334 0.028 0.035333333333333335
0 0.09425 0.427 0.0265 0.03666666666666667
0 0.14775 0.42533333333333334 0.0265 0.03333333333333333
0 0.20275 0.423 0.0275 0.03666666666666667
0 0.257 0.42133333333333334 0.028 0.03333333333333333
0 0.31175 0.42133333333333334 0.0265 0.03333333333333333
0 0.3665 0.41833333333333333 0.029 0.035333333333333335
0 0.41925 0.41633333333333333 0.029500000000000002 0.035333333333333335
0 0.04075 0.477 0.0275 0.03666666666666667
0 0.0945 0.4736666666666666 0.027 0.033999999999999996
0 0.1505 0.4726666666666666 0.029 0.036
0 0.20500000000000002 0.4706666666666667 0.029 0.034666666666666665
0 0.2595 0.47 0.028 0.03733333333333333
0 0.31425000000000003 0.46799999999999997 0.0285 0.03333333333333333
0 0.36925 0.46699999999999997 0.029500000000000002 0.03266666666666666
0 0.42225 0.46399999999999997 0.029500000000000002 0.03333333333333333
0 0.00375 0.8186666666666667 0.006500000000000001 0.04133333333333333
0 0.049 0.815 0.031 0.04066666666666666
0 0.10425 0.8133333333333334 0.029500000000000002 0.03733333333333333
0 0.161 0.8123333333333334 0.028 0.035333333333333335
0 0.21625 0.8103333333333333 0.0305 0.03933333333333333
0 0.27225 0.8076666666666666 0.0305 0.04066666666666666
0 0.329 0.8053333333333333 0.029 0.03866666666666667
0 0.3845 0.8033333333333333 0.029 0.042666666666666665
0 0.44 0.8029999999999999 0.031 0.03933333333333333
