0 0.31325000000000003 0.02333333333333333 0.0425 0.044
0 0.34700000000000003 0.072 0.044 0.05466666666666666
0 0.3825 0.12633333333333333 0.044 0.057999999999999996
0 0.41550000000000004 0.18 0.043000000000000003 0.058666666666666666
0 0.4525 0.236 0.044 0.058666666666666666
0 0.4875 0.2906666666666667 0.042 0.056
0 0.523 0.3456666666666667 0.04 0.056666666666666664
0 0.55975 0.40199999999999997 0.0425 0.056
0 0.5955 0.45866666666666667 0.042 0.058666666666666666
0 0.63225 0.516 0.043500000000000004 0.056
0 0.66825 0.5733333333333334 0.043500000000000004 0.058666666666666666
0 0.70675 0.6296666666666666 0.043500000000000004 0.06066666666666667
0 0.74375 0.6893333333333334 0.0425 0.05733333333333333
0 0.78 0.7483333333333333 0.044 0.056666666666666664
0 0.80825 0.8433333333333333 0.0005 0.0
0 0.65175 0.021666666666666667 0.0405 0.043333333333333335
0 0.68125 0.005 0.0275 0.011333333333333332
0 0.6875 0.07266666666666667 0.042 0.052
0 0.716 0.041 0.042 0.05266666666666667
0 0.7235 0.126 0.041 0.04933333333333333
0 0.75175 0.09466666666666666 0.0405 0.052
0 0.75975 0.181 0.0405 0.051333333333333335
0 0.78925 0.149 0.0415 0.051333333333333335
0 0.7975 0.23533333333333334 0.043000000000000003 0.052
0 0.7987500000000001 0.294 0.0005 0.0
0 0.82575 0.20533333333333334 0.0385 0.050666666666666665
0 0.83425 0.29366666666666663 0.0415 0.05266666666666667
0 0.8615 0.2583333333333333 0.042 0.051333333333333335
0 0.87075 0.348 0.0395 0.05333333333333333
0 0.8985 0.31366666666666665 0.041 0.051333333333333335
0 0.9067500000000001 0.407 0.0405 0.054
0 0.93625 0.3723333333333333 0.0405 0.051333333333333335
0 0.9455 0.46166666666666667 0.042 0.054
0 0.97275 0.427 0.0425 0.051333333333333335
0 0.98075 0.519 0.0375 0.05266666666666667
