0 0.61175 0.20299999999999999 0.0365 0.048666666666666664
0 0.64575 0.2563333333333333 0.0365 0.049999999999999996
0 0.6707500000000001 0.2533333333333333 0.0005 0.0013333333333333333
0 0.678 0.30966666666666665 0.038 0.051333333333333335
0 0.71125 0.362 0.0375 0.050666666666666665
0 0.7455 0.41433333333333333 0.041 0.048666666666666664
0 0.78 0.46699999999999997 0.039 0.048666666666666664
0 0.81325 0.5183333333333333 0.0405 0.05266666666666667
0 0.8482500000000001 0.5723333333333334 0.0405 0.054
0 0.88325 0.6273333333333333 0.0395 0.05333333333333333
0 0.91825 0.6826666666666666 0.0415 0.056
0 0.9535 0.7353333333333333 0.047 0.05466666666666666
0 0.983 0.7903333333333333 0.033 0.06066666666666667
0 0.81075 0.012 0.0365 0.025333333333333333
0 0.84225 0.049999999999999996 0.0375 0.04666666666666666
0 0.89825 0.04633333333333333 0.0005 0.0006666666666666666
0 0.8695 0.020999999999999998 0.036000000000000004 0.043333333333333335
0 0.875 0.102 0.038 0.04666666666666666
0 0.90375 0.06999999999999999 0.0385 0.04933333333333333
0 0.9085 0.152 0.039 0.048
0 0.9375 0.11966666666666666 0.036000000000000004 0.046
0 0.9435 0.20333333333333334 0.039 0.050666666666666665
0 0.97275 0.17233333333333334 0.035500000000000004 0.04733333333333333
0 0.977 0.25566666666666665 0.038 0.048666666666666664
0 0.99225 0.224 0.0145 0.044
