0 0.02225 0.848 0.0395 0.052
0 0.058750000000000004 0.902 0.0415 0.05333333333333333
0 0.09475 0.9606666666666667 0.0425 0.05333333333333333
0 0.01125 0.22033333333333333 0.0225 0.05533333333333333
0 0.01525 0.30366666666666664 0.0305 0.056666666666666664
0 0.0415 0.27666666666666667 0.037 0.04666666666666666
0 0.045 0.36133333333333334 0.042 0.052
0 0.07325 0.3283333333333333 0.0405 0.049999999999999996
0 0.08 0.411 0.039 0.048666666666666664
0 0.109 0.3813333333333333 0.041 0.052
0 0.11575 0.4653333333333333 0.0415 0.05333333333333333
0 0.14400000000000002 0.43366666666666664 0.042 0.049999999999999996
0 0.1505 0.518 0.044 0.052
0 0.1795 0.48566666666666664 0.042 0.051333333333333335
0 0.18725 0.573 0.0415 0.051333333333333335
0 0.2155 0.542 0.042 0.05466666666666666
0 0.2235 0.6266666666666666 0.039 0.050666666666666665
0 0.25 0.5946666666666667 0.04 0.052
0 0.297 0.6833333333333333 0.001 0.0
0 0.2595 0.6833333333333333 0.04 0.052
0 0.33175 0.698 0.0005 0.0
0 0.289 0.6493333333333333 0.04 0.04933333333333333
0 0.2965 0.7376666666666667 0.04 0.054
0 0.3245 0.7046666666666667 0.039 0.05466666666666666
0 0.33375 0.7943333333333333 0.0395 0.05533333333333333
0 0.3695 0.824 0.001 0.0
0 0.3615 0.7596666666666666 0.042 0.05266666666666667
0 0.37125 0.85 0.0405 0.050666666666666665
0 0.39875 0.8136666666666666 0.0395 0.048666666666666664
0 0.40725 0.9056666666666666 0.0425 0.05266666666666667
0 0.4355 0.8716666666666666 0.036000000000000004 0.05266666666666667
0 0.441 0.96 0.033 0.056
0 0.34775 0.9746666666666667 0.0005 0.0
0 0.198 0.022 0.04 0.042666666666666665
0 0.23425 0.07066666666666667 0.0385 0.04933333333333333
0 0.26975 0.121 0.0395 0.049999999999999996
0 0.25225000000000003 0.17166666666666666 0.0005 0.0006666666666666666
0 0.30475 0.17166666666666666 0.0405 0.049999999999999996
0 0.34025 0.22333333333333333 0.0395 0.04666666666666666
0 0.3765 0.27399999999999997 0.038 0.052
0 0.41300000000000003 0.327 0.039 0.051333333333333335
0 0.4495 0.3793333333333333 0.039 0.048
0 0.48675 0.43266666666666664 0.0385 0.04933333333333333
0 0.5215 0.48666666666666664 0.037 0.052
0 0.47275 0.9283333333333333 0.0395 0.051333333333333335
0 0.512 0.9796666666666667 0.041 0.03933333333333333
0 0.55975 0.539 0.0405 0.048666666666666664
0 0.5965 0.5926666666666667 0.041 0.05333333333333333
0 0.636 0.648 0.04 0.04933333333333333
0 0.67325 0.703 0.0385 0.05266666666666667
0 0.7095 0.7513333333333333 0.034 0.03333333333333333
