0 0.35925 0.291 0.0425 0.05533333333333333
0 0.31725000000000003 0.3403333333333333 0.0455 0.054
0 0.275 0.387 0.042 0.051333333333333335
0 0.23125 0.4373333333333333 0.0415 0.056
0 0.1885 0.487 0.04 0.054
0 0.14425 0.5356666666666666 0.0425 0.057999999999999996
0 0.10200000000000001 0.5833333333333333 0.043000000000000003 0.05466666666666666
0 0.05675 0.6356666666666666 0.0445 0.05533333333333333
0 0.018000000000000002 0.6856666666666666 0.034 0.056666666666666664
0 0.5357500000000001 0.5576666666666666 0.0415 0.06066666666666667
0 0.5635 0.5983333333333333 0.042 0.05533333333333333
0 0.49325 0.6086666666666667 0.0425 0.056
0 0.5195 0.6473333333333333 0.044 0.06
0 0.45225 0.657 0.0425 0.057999999999999996
0 0.47850000000000004 0.6983333333333334 0.042 0.05933333333333333
0 0.40850000000000003 0.7093333333333333 0.042 0.056
0 0.43475 0.7483333333333333 0.0455 0.056666666666666664
0 0.36525 0.7606666666666666 0.043500000000000004 0.05733333333333333
0 0.39175 0.7983333333333333 0.0445 0.057999999999999996
0 0.321 0.8103333333333333 0.042 0.056666666666666664
0 0.34750000000000003 0.8503333333333333 0.044 0.05533333333333333
0 0.27675 0.861 0.043500000000000004 0.05533333333333333
0 0.30325 0.9033333333333333 0.0445 0.05466666666666666
0 0.2335 0.9123333333333333 0.042 0.05533333333333333
0 0.2605 0.9536666666666667 0.044 0.057999999999999996
0 0.18825 0.9653333333333333 0.0445 0.05733333333333333
0 0.216 0.987 0.038 0.024666666666666667
0 0.74425 0.871 0.043500000000000004 0.054
0 0.7010000000000001 0.9239999999999999 0.043000000000000003 0.056
0 0.6595 0.974 0.042 0.050666666666666665
