0 0.014 0.763 0.026000000000000002 0.06999999999999999
0 0.053 0.7086666666666667 0.05 0.06
0 0.10175000000000001 0.6536666666666666 0.0475 0.05933333333333333
0 0.1485 0.6016666666666667 0.042 0.056666666666666664
0 0.1945 0.5489999999999999 0.045 0.05533333333333333
0 0.23750000000000002 0.497 0.042 0.05266666666666667
0 0.28550000000000003 0.4453333333333333 0.044 0.05733333333333333
0 0.331 0.39199999999999996 0.044 0.06
0 0.37725000000000003 0.33899999999999997 0.0465 0.056666666666666664
0 0.42425 0.2866666666666667 0.0455 0.058666666666666666
0 0.46950000000000003 0.236 0.044 0.05733333333333333
0 0.51375 0.18466666666666667 0.0445 0.05733333333333333
0 0.55725 0.13599999999999998 0.0445 0.05333333333333333
0 0.6015 0.08299999999999999 0.043000000000000003 0.056666666666666664
0 0.64575 0.03666666666666667 0.0405 0.056
0 0.69325 0.007333333333333333 0.0305 0.016
0 0.2285 0.9853333333333333 0.036000000000000004 0.024
0 0.27475 0.95 0.0445 0.06533333333333333
0 0.32125 0.896 0.0445 0.06533333333333333
0 0.36825 0.842 0.043500000000000004 0.06133333333333333
0 0.41325 0.7883333333333333 0.0425 0.062
0 0.46 0.733 0.046 0.057999999999999996
0 0.304 0.9783333333333333 0.041 0.041999999999999996
0 0.34775 0.9406666666666667 0.0425 0.06
0 0.395 0.8846666666666666 0.048 0.05733333333333333
0 0.4395 0.8296666666666667 0.045 0.05933333333333333
0 0.486 0.7753333333333333 0.048 0.058666666666666666
0 0.504 0.6786666666666666 0.039 0.05733333333333333
0 0.5337500000000001 0.7216666666666667 0.0455 0.06066666666666667
0 0.553 0.6243333333333333 0.043000000000000003 0.056666666666666664
0 0.5785 0.6673333333333333 0.043000000000000003 0.05733333333333333
0 0.5985 0.5713333333333334 0.046 0.058666666666666666
0 0.625 0.6143333333333333 0.046 0.057999999999999996
0 0.64325 0.5176666666666666 0.0425 0.057999999999999996
0 0.671 0.5606666666666666 0.045 0.056
0 0.68825 0.46599999999999997 0.0445 0.05733333333333333
0 0.733 0.41333333333333333 0.042 0.056
0 0.71625 0.506 0.043500000000000004 0.058666666666666666
0 0.76175 0.45566666666666666 0.043500000000000004 0.057999999999999996
0 0.777 0.36066666666666664 0.041 0.05466666666666666
0 0.80425 0.40399999999999997 0.0425 0.05466666666666666
0 0.82125 0.30966666666666665 0.0415 0.05533333333333333
0 0.8485 0.35 0.043000000000000003 0.05733333333333333
0 0.8655 0.25866666666666666 0.045 0.05733333333333333
0 0.89125 0.29866666666666664 0.0455 0.05733333333333333
0 0.9087500000000001 0.20866666666666667 0.0385 0.05466666666666666
0 0.93575 0.248 0.043500000000000004 0.05733333333333333
0 0.9520000000000001 0.15766666666666665 0.04 0.056666666666666664
0 0.978 0.19999999999999998 0.041 0.056
0 0.986 0.10766666666666666 0.026000000000000002 0.057999999999999996
0 0.759 0.9633333333333333 0.044 0.058666666666666666
0 0.80575 0.9086666666666666 0.043500000000000004 0.05733333333333333
0 0.8505 0.8536666666666667 0.047 0.05933333333333333
0 0.897 0.7973333333333333 0.045 0.06133333333333333
0 0.9425 0.7423333333333333 0.042 0.06066666666666667
0 0.9825 0.6893333333333334 0.034 0.05733333333333333
