0 0.396094 0.179167 0.021875 0.0375
0 0.394922 0.227083 0.024219 0.035417
0 0.392188 0.271354 0.021875 0.036458
0 0.389844 0.320833 0.023438 0.035417
0 0.388281 0.365104 0.021875 0.036458
0 0.385547 0.414583 0.021094 0.03125
0 0.382422 0.459896 0.019531 0.028125
0 0.380469 0.508854 0.021875 0.036458
0 0.377734 0.553125 0.021094 0.03125
0 0.680078 0.207292 0.022656 0.035417
0 0.677344 0.255729 0.020313 0.032292
0 0.674609 0.301563 0.021094 0.034375
0 0.671875 0.348958 0.021875 0.035417
0 0.670313 0.394271 0.023438 0.032292
0 0.666016 0.441667 0.021094 0.033333
0 0.660938 0.486458 0.020313 0.033333
0 0.659375 0.533854 0.020313 0.030208
0 0.658594 0.580208 0.021875 0.029167
