0 0.01 0.37766666666666665 0.021 0.04733333333333333
0 0.028 0.448 0.037 0.048
0 0.054 0.513 0.038 0.05533333333333333
0 0.079 0.5823333333333333 0.04 0.051333333333333335
0 0.105 0.65 0.042 0.05466666666666666
0 0.13225 0.7176666666666667 0.0405 0.054
0 0.15825 0.7869999999999999 0.0405 0.05533333333333333
0 0.18625 0.855 0.0385 0.05266666666666667
0 0.21375 0.9263333333333333 0.0395 0.056666666666666664
0 0.23975000000000002 0.985 0.0415 0.028666666666666667
0 0.1645 0.022 0.038 0.044
0 0.2015 0.007 0.035 0.015333333333333332
0 0.19125 0.08033333333333333 0.0385 0.049999999999999996
0 0.2245 0.05633333333333333 0.038 0.049999999999999996
0 0.21725 0.145 0.0375 0.049999999999999996
0 0.25175000000000003 0.11966666666666666 0.0395 0.051333333333333335
0 0.24225 0.21033333333333332 0.0415 0.049999999999999996
0 0.2765 0.18533333333333332 0.037 0.04933333333333333
0 0.26925 0.27699999999999997 0.0405 0.056666666666666664
0 0.30375 0.25 0.0385 0.05333333333333333
0 0.29575 0.3403333333333333 0.0395 0.054
0 0.33175 0.3153333333333333 0.0385 0.05333333333333333
0 0.3235 0.4056666666666667 0.039 0.051333333333333335
0 0.35775 0.382 0.0415 0.05733333333333333
0 0.35000000000000003 0.4736666666666666 0.041 0.057999999999999996
0 0.38625 0.44566666666666666 0.0415 0.057999999999999996
0 0.3775 0.5396666666666666 0.042 0.056666666666666664
0 0.41275 0.5156666666666666 0.0415 0.06066666666666667
0 0.40575 0.61 0.0415 0.05466666666666666
0 0.4405 0.5843333333333333 0.041 0.054
0 0.4325 0.6776666666666666 0.041 0.056666666666666664
0 0.46875 0.6526666666666666 0.0405 0.05333333333333333
0 0.46125 0.7453333333333333 0.0425 0.056
0 0.49525 0.72 0.043500000000000004 0.05466666666666666
0 0.4885 0.816 0.044 0.056
0 0.52375 0.7889999999999999 0.043500000000000004 0.05533333333333333
0 0.51675 0.8866666666666666 0.0425 0.05733333333333333
0 0.55175 0.858 0.0415 0.052
0 0.54425 0.9556666666666667 0.0415 0.051333333333333335
0 0.57975 0.9299999999999999 0.0415 0.056
0 0.60875 0.9846666666666666 0.0425 0.029333333333333333
0 0.51425 0.023 0.0415 0.041999999999999996
0 0.54225 0.08366666666666667 0.043500000000000004 0.05266666666666667
0 0.57075 0.14766666666666667 0.0415 0.051333333333333335
0 0.597 0.213 0.041 0.05266666666666667
0 0.626 0.27799999999999997 0.038 0.052
0 0.653 0.344 0.042 0.05733333333333333
0 0.681 0.4083333333333333 0.041 0.056666666666666664
0 0.71075 0.47533333333333333 0.0415 0.05333333333333333
0 0.7385 0.5429999999999999 0.041 0.05533333333333333
0 0.76725 0.611 0.0415 0.05266666666666667
0 0.79525 0.6789999999999999 0.043500000000000004 0.056666666666666664
0 0.82525 0.7453333333333333 0.0415 0.05466666666666666
0 0.8542500000000001 0.8166666666666667 0.0405 0.056
0 0.88475 0.8863333333333333 0.0415 0.06066666666666667
