0 0.34925 0.492 0.0375 0.04666666666666666
0 0.3745 0.5559999999999999 0.039 0.048
0 0.4 0.6203333333333333 0.038 0.049999999999999996
0 0.4245 0.6853333333333333 0.038 0.050666666666666665
0 0.45125 0.749 0.0385 0.051333333333333335
0 0.47700000000000004 0.8146666666666667 0.039 0.050666666666666665
0 0.50225 0.88 0.0385 0.052
0 0.52725 0.9466666666666667 0.0395 0.052
0 0.553 0.993 0.027 0.012666666666666666
0 0.589 0.3293333333333333 0.038 0.04666666666666666
0 0.6235 0.30633333333333335 0.037 0.046
0 0.61425 0.3913333333333333 0.0375 0.050666666666666665
0 0.64875 0.36866666666666664 0.0365 0.04666666666666666
0 0.639 0.4553333333333333 0.039 0.04933333333333333
0 0.6755 0.431 0.038 0.048666666666666664
0 0.665 0.518 0.039 0.050666666666666665
0 0.70075 0.4933333333333333 0.0375 0.050666666666666665
0 0.69225 0.5813333333333334 0.0395 0.04933333333333333
0 0.7265 0.5559999999999999 0.036000000000000004 0.050666666666666665
0 0.71725 0.645 0.0395 0.049999999999999996
0 0.752 0.6183333333333333 0.038 0.051333333333333335
0 0.7425 0.7086666666666667 0.04 0.052
0 0.7785 0.6856666666666666 0.039 0.051333333333333335
0 0.76925 0.776 0.0395 0.05466666666666666
0 0.80475 0.7493333333333333 0.0375 0.05333333333333333
0 0.7955 0.8396666666666667 0.039 0.054
0 0.8320000000000001 0.817 0.039 0.054
0 0.8235 0.9056666666666666 0.04 0.051333333333333335
0 0.85775 0.8806666666666666 0.0395 0.05733333333333333
0 0.8495 0.9713333333333333 0.042 0.05466666666666666
0 0.886 0.949 0.04 0.05533333333333333
0 0.85575 0.14566666666666667 0.0395 0.049999999999999996
0 0.8815000000000001 0.20766666666666667 0.038 0.046
0 0.9085 0.2683333333333333 0.039 0.049999999999999996
0 0.935 0.33166666666666667 0.036000000000000004 0.048666666666666664
0 0.9605 0.39399999999999996 0.039 0.052
0 0.98375 0.4573333333333333 0.0315 0.050666666666666665
