0 0.553 0.02 0.041 0.04133333333333333
0 0.5795 0.08166666666666667 0.042 0.054
0 0.605 0.14933333333333332 0.042 0.056
0 0.633 0.218 0.04 0.05466666666666666
0 0.659 0.28633333333333333 0.04 0.05533333333333333
0 0.68575 0.35533333333333333 0.0425 0.05466666666666666
0 0.71325 0.42633333333333334 0.0415 0.05266666666666667
0 0.73975 0.497 0.0415 0.05266666666666667
0 0.76825 0.568 0.0415 0.056
0 0.79625 0.6403333333333333 0.0425 0.056666666666666664
0 0.8240000000000001 0.712 0.04 0.056
0 0.853 0.7876666666666666 0.042 0.056666666666666664
0 0.877 0.04066666666666666 0.042 0.056
0 0.91325 0.021333333333333333 0.0405 0.042666666666666665
0 0.905 0.11 0.041 0.056
0 0.9410000000000001 0.08366666666666667 0.04 0.054
0 0.932 0.17566666666666667 0.042 0.054
0 0.96825 0.15166666666666667 0.0395 0.05266666666666667
0 0.96125 0.245 0.0405 0.05533333333333333
0 0.98675 0.22066666666666665 0.025500000000000002 0.05466666666666666
0 0.983 0.317 0.033 0.056666666666666664
