0 0.01675 0.5223333333333333 0.0335 0.054
0 0.04925 0.5806666666666667 0.0415 0.06
0 0.08625000000000001 0.637 0.0425 0.05933333333333333
0 0.1225 0.6973333333333334 0.043000000000000003 0.06133333333333333
0 0.15975 0.7566666666666666 0.0445 0.058666666666666666
0 0.197 0.818 0.044 0.05733333333333333
0 0.23500000000000001 0.8776666666666666 0.042 0.057999999999999996
0 0.27175 0.9386666666666666 0.043500000000000004 0.05733333333333333
0 0.312 0.983 0.049 0.03
0 0.04975 0.016 0.0395 0.03333333333333333
0 0.08525 0.063 0.0385 0.049999999999999996
0 0.1165 0.031 0.04 0.048666666666666664
0 0.12025 0.11699999999999999 0.0395 0.049999999999999996
0 0.15025 0.08433333333333333 0.0415 0.051333333333333335
0 0.15575 0.17433333333333334 0.0395 0.05266666666666667
0 0.1865 0.141 0.042 0.05266666666666667
0 0.19225 0.23133333333333334 0.0395 0.050666666666666665
0 0.222 0.19733333333333333 0.04 0.05333333333333333
0 0.2265 0.28633333333333333 0.04 0.05266666666666667
0 0.2585 0.25366666666666665 0.04 0.054
0 0.264 0.34299999999999997 0.04 0.056666666666666664
0 0.29375 0.31033333333333335 0.0395 0.05533333333333333
0 0.301 0.40299999999999997 0.042 0.05266666666666667
0 0.33025 0.368 0.0425 0.05466666666666666
0 0.3375 0.46166666666666667 0.042 0.054
0 0.3675 0.42666666666666664 0.042 0.05466666666666666
0 0.3745 0.5176666666666666 0.042 0.056666666666666664
0 0.40650000000000003 0.48466666666666663 0.041 0.056
0 0.41200000000000003 0.576 0.045 0.06
0 0.442 0.5453333333333333 0.04 0.05733333333333333
0 0.449 0.6366666666666666 0.044 0.06
0 0.481 0.6013333333333333 0.043000000000000003 0.058666666666666666
0 0.48725 0.6976666666666667 0.0425 0.056666666666666664
0 0.5185 0.6603333333333333 0.044 0.057999999999999996
0 0.5255 0.7573333333333333 0.046 0.05733333333333333
0 0.55625 0.72 0.043500000000000004 0.05466666666666666
0 0.562 0.8146666666666667 0.044 0.056
0 0.594 0.7796666666666666 0.045 0.05933333333333333
0 0.60175 0.8766666666666666 0.043500000000000004 0.056
0 0.63175 0.8393333333333333 0.0455 0.05733333333333333
0 0.64 0.9373333333333334 0.041 0.058666666666666666
0 0.67125 0.899 0.0445 0.056666666666666664
0 0.678 0.985 0.045 0.028666666666666667
0 0.70925 0.9596666666666667 0.0445 0.056666666666666664
0 0.465 0.030333333333333334 0.044 0.05533333333333333
0 0.502 0.08033333333333333 0.042 0.057999999999999996
0 0.5377500000000001 0.13933333333333334 0.0405 0.052
0 0.57525 0.195 0.0415 0.054
0 0.61125 0.2523333333333333 0.0415 0.05266666666666667
0 0.64975 0.30966666666666665 0.0405 0.05266666666666667
0 0.6875 0.364 0.038 0.05333333333333333
0 0.7255 0.425 0.038 0.051333333333333335
0 0.7635000000000001 0.482 0.041 0.04933333333333333
0 0.8025 0.538 0.042 0.056
0 0.84075 0.5993333333333333 0.0415 0.05333333333333333
0 0.8795000000000001 0.6576666666666666 0.042 0.05533333333333333
0 0.9185 0.716 0.041 0.05733333333333333
0 0.9590000000000001 0.7746666666666666 0.042 0.05733333333333333
