0 0.3015 0.6789999999999999 0.043000000000000003 0.05266666666666667
0 0.33725 0.7353333333333333 0.0415 0.04933333333333333
0 0.37175 0.7916666666666666 0.0425 0.049999999999999996
0 0.40650000000000003 0.8496666666666667 0.042 0.054
0 0.44375000000000003 0.9076666666666666 0.0405 0.051333333333333335
0 0.47975 0.9646666666666667 0.0425 0.05733333333333333
0 0.51525 0.45499999999999996 0.0365 0.04733333333333333
0 0.546 0.42333333333333334 0.04 0.048
0 0.55075 0.51 0.0395 0.04933333333333333
0 0.58075 0.4766666666666666 0.0405 0.052
0 0.58525 0.5636666666666666 0.0395 0.04733333333333333
0 0.616 0.5313333333333333 0.04 0.052
0 0.62125 0.6196666666666667 0.0405 0.046
0 0.651 0.585 0.042 0.054
0 0.6567500000000001 0.6769999999999999 0.0445 0.05266666666666667
0 0.687 0.641 0.042 0.054
0 0.69175 0.732 0.0405 0.052
0 0.7222500000000001 0.699 0.0395 0.049999999999999996
0 0.7275 0.7883333333333333 0.04 0.051333333333333335
0 0.757 0.7523333333333333 0.041 0.05533333333333333
0 0.76425 0.8466666666666667 0.0405 0.052
0 0.7945 0.8109999999999999 0.041 0.054
0 0.80025 0.9026666666666666 0.0425 0.05466666666666666
0 0.8310000000000001 0.868 0.042 0.05733333333333333
0 0.83775 0.96 0.0425 0.056
0 0.868 0.9269999999999999 0.041 0.056666666666666664
0 0.906 0.9783333333333333 0.041 0.041999999999999996
0 0.749 0.20466666666666666 0.037 0.04933333333333333
0 0.7857500000000001 0.25766666666666665 0.0415 0.048666666666666664
0 0.82125 0.312 0.0385 0.050666666666666665
0 0.8575 0.36666666666666664 0.04 0.052
0 0.892 0.42033333333333334 0.042 0.049999999999999996
0 0.9275 0.4736666666666666 0.041 0.054
0 0.9645 0.5293333333333333 0.041 0.05466666666666666
0 0.9905 0.5803333333333334 0.018000000000000002 0.056666666666666664
