0 0.51375 0.024666666666666667 0.043500000000000004 0.04933333333333333
0 0.5495 0.08033333333333333 0.044 0.05266666666666667
0 0.587 0.14066666666666666 0.042 0.056
0 0.62325 0.19999999999999998 0.0425 0.056
0 0.6615 0.258 0.04 0.05733333333333333
0 0.6975 0.31766666666666665 0.045 0.05933333333333333
0 0.7365 0.379 0.042 0.056666666666666664
0 0.7725 0.4393333333333333 0.042 0.058666666666666666
0 0.811 0.5026666666666666 0.048 0.05733333333333333
0 0.8485 0.5643333333333334 0.045 0.05933333333333333
0 0.88725 0.6263333333333333 0.0425 0.056666666666666664
0 0.9245 0.6883333333333334 0.043000000000000003 0.056666666666666664
0 0.9645 0.7503333333333333 0.043000000000000003 0.057999999999999996
0 0.9892500000000001 0.8186666666666667 0.0205 0.06133333333333333
0 0.87475 0.023666666666666666 0.0395 0.04733333333333333
0 0.90625 0.007333333333333333 0.0235 0.016
0 0.911 0.07666666666666666 0.044 0.05466666666666666
0 0.9425 0.043333333333333335 0.044 0.052
0 0.95025 0.13733333333333334 0.0405 0.05466666666666666
0 0.9795 0.09966666666666667 0.04 0.056666666666666664
0 0.9825 0.19599999999999998 0.034 0.056
