0 0.4205 0.008666666666666666 0.033 0.018666666666666665
0 0.37675000000000003 0.035333333333333335 0.0425 0.05333333333333333
0 0.3325 0.082 0.042 0.052
0 0.28750000000000003 0.12966666666666665 0.042 0.054
0 0.24325 0.17733333333333332 0.0405 0.05333333333333333
0 0.19775 0.22333333333333333 0.0395 0.052
0 0.15175 0.2733333333333333 0.0405 0.05333333333333333
0 0.1065 0.32066666666666666 0.04 0.050666666666666665
0 0.06175 0.37 0.0405 0.05466666666666666
0 0.01725 0.419 0.0345 0.05533333333333333
0 0.0455 0.8593333333333333 0.041 0.05733333333333333
0 0.06975 0.9013333333333333 0.0445 0.056
0 0.09225 0.8103333333333333 0.0405 0.05933333333333333
0 0.11675 0.851 0.0445 0.05533333333333333
0 0.138 0.7576666666666666 0.042 0.057999999999999996
0 0.16325 0.8003333333333333 0.0425 0.056666666666666664
0 0.18475 0.7066666666666667 0.043500000000000004 0.056
0 0.2105 0.7483333333333333 0.039 0.056666666666666664
0 0.2315 0.6566666666666666 0.044 0.05733333333333333
0 0.25775 0.7003333333333334 0.043500000000000004 0.056666666666666664
0 0.2775 0.6076666666666667 0.042 0.057999999999999996
0 0.3035 0.6483333333333333 0.045 0.05533333333333333
0 0.324 0.5556666666666666 0.039 0.057999999999999996
0 0.35100000000000003 0.6003333333333333 0.041 0.05266666666666667
0 0.3685 0.507 0.043000000000000003 0.05533333333333333
0 0.397 0.5493333333333333 0.04 0.05466666666666666
0 0.41575 0.45766666666666667 0.0425 0.06066666666666667
0 0.44075000000000003 0.499 0.0455 0.06066666666666667
0 0.45975 0.407 0.0445 0.056666666666666664
0 0.48725 0.44866666666666666 0.043500000000000004 0.05733333333333333
0 0.5055000000000001 0.358 0.043000000000000003 0.052
0 0.5317500000000001 0.4003333333333333 0.0425 0.05933333333333333
0 0.55025 0.311 0.0405 0.05266666666666667
0 0.57625 0.3486666666666667 0.0425 0.05733333333333333
0 0.5935 0.26366666666666666 0.042 0.05533333333333333
0 0.62125 0.30366666666666664 0.0395 0.05266666666666667
0 0.63875 0.21366666666666667 0.0405 0.05266666666666667
0 0.66425 0.253 0.0395 0.05533333333333333
0 0.6835 0.165 0.041 0.051333333333333335
0 0.70925 0.2063333333333333 0.043500000000000004 0.051333333333333335
0 0.72675 0.11866666666666666 0.0405 0.05333333333333333
0 0.754 0.15866666666666665 0.04 0.05466666666666666
0 0.76975 0.06999999999999999 0.0415 0.05466666666666666
0 0.798 0.111 0.04 0.056666666666666664
0 0.812 0.024666666666666667 0.042 0.050666666666666665
0 0.84 0.065 0.042 0.054
0 0.88425 0.021666666666666667 0.0405 0.043333333333333335
0 0.4365 0.9826666666666667 0.041 0.030666666666666665
0 0.482 0.944 0.046 0.06
0 0.5285 0.895 0.047 0.06066666666666667
0 0.5745 0.8416666666666667 0.047 0.056666666666666664
0 0.62 0.7899999999999999 0.044 0.058666666666666666
0 0.6655 0.7396666666666667 0.042 0.057999999999999996
0 0.7115 0.6886666666666666 0.042 0.06
0 0.7555000000000001 0.6386666666666666 0.045 0.058666666666666666
0 0.80175 0.5896666666666667 0.0425 0.056666666666666664
0 0.8465 0.537 0.041 0.06066666666666667
0 0.89125 0.489 0.0425 0.054
0 0.936 0.4393333333333333 0.043000000000000003 0.058666666666666666
0 0.9792500000000001 0.38966666666666666 0.0405 0.05533333333333333
