0 0.99225 0.3953333333333333 0.0145 0.036
0 0.96425 0.44266666666666665 0.0425 0.05466666666666666
0 0.91925 0.49066666666666664 0.0455 0.056
0 0.87625 0.535 0.043500000000000004 0.056666666666666664
0 0.83175 0.5833333333333333 0.0445 0.05466666666666666
0 0.78725 0.6303333333333333 0.0405 0.05533333333333333
0 0.7435 0.6759999999999999 0.038 0.052
0 0.6970000000000001 0.725 0.04 0.05266666666666667
0 0.65275 0.773 0.0395 0.05266666666666667
0 0.6065 0.821 0.041 0.05533333333333333
0 0.562 0.871 0.041 0.051333333333333335
0 0.5145 0.9203333333333333 0.039 0.054
0 0.4685 0.9676666666666667 0.039 0.056666666666666664
0 0.99225 0.858 0.0145 0.04666666666666666
0 0.9605 0.9083333333333333 0.043000000000000003 0.057999999999999996
0 0.98275 0.9506666666666667 0.0335 0.06133333333333333
0 0.914 0.9573333333333333 0.043000000000000003 0.05733333333333333
0 0.94225 0.984 0.0425 0.030666666666666665
0 0.868 0.9886666666666666 0.037 0.021333333333333333
