0 0.598828 0.360417 0.022656 0.033333
0 0.595703 0.405729 0.021094 0.032292
0 0.591406 0.451562 0.021875 0.034375
0 0.588672 0.499479 0.022656 0.034375
0 0.585156 0.544271 0.021875 0.032292
0 0.582031 0.591146 0.023438 0.032292
0 0.578125 0.6375 0.021875 0.033333
0 0.574609 0.683333 0.021094 0.03125
0 0.572656 0.728646 0.021875 0.034375
0 0.314844 0.324479 0.023438 0.038542
0 0.312109 0.370833 0.024219 0.039583
0 0.310156 0.416667 0.021875 0.035417
0 0.307422 0.463542 0.021094 0.033333
0 0.303906 0.513542 0.021875 0.035417
0 0.301563 0.558333 0.021875 0.03125
0 0.299609 0.603125 0.019531 0.03125
0 0.296484 0.648958 0.021094 0.033333
0 0.29375 0.694792 0.01875 0.033333
