0 0.3725 0.06799999999999999 0.042 0.056
0 0.42025 0.023666666666666666 0.0415 0.048666666666666664
0 0.5425 0.35833333333333334 0.043000000000000003 0.05933333333333333
0 0.57075 0.4043333333333333 0.0445 0.05933333333333333
0 0.5915 0.30933333333333335 0.045 0.05733333333333333
0 0.617 0.35133333333333333 0.042 0.05733333333333333
0 0.63825 0.25566666666666665 0.0405 0.05533333333333333
0 0.66425 0.29966666666666664 0.0385 0.057999999999999996
0 0.6825 0.20833333333333331 0.044 0.057999999999999996
0 0.71225 0.24733333333333332 0.0405 0.05733333333333333
0 0.7305 0.15633333333333332 0.044 0.06066666666666667
0 0.757 0.20066666666666666 0.044 0.05733333333333333
0 0.777 0.10633333333333334 0.044 0.057999999999999996
0 0.80425 0.14766666666666667 0.0405 0.057999999999999996
0 0.8235 0.05566666666666666 0.046 0.057999999999999996
0 0.85 0.09933333333333333 0.042 0.056
0 0.8705 0.01633333333333333 0.043000000000000003 0.033999999999999996
0 0.8955000000000001 0.04933333333333333 0.042 0.056
0 0.94375 0.015 0.0465 0.03133333333333333
0 0.745 0.7123333333333333 0.045 0.06333333333333332
0 0.7947500000000001 0.6556666666666666 0.0405 0.062
0 0.842 0.604 0.045 0.058666666666666666
0 0.89075 0.5509999999999999 0.0465 0.056666666666666664
0 0.9365 0.4973333333333333 0.045 0.058666666666666666
0 0.97975 0.4443333333333333 0.0395 0.05933333333333333
