0 0.223 0.16666666666666666 0.041 0.050666666666666665
0 0.18025 0.21233333333333332 0.0415 0.051333333333333335
0 0.13725 0.25766666666666665 0.0405 0.051333333333333335
0 0.0955 0.303 0.04 0.04733333333333333
0 0.052000000000000005 0.348 0.04 0.05466666666666666
0 0.0145 0.39666666666666667 0.028 0.056
0 0.4 0.42966666666666664 0.04 0.051333333333333335
0 0.42675 0.4683333333333333 0.0405 0.054
0 0.3565 0.47833333333333333 0.041 0.049999999999999996
0 0.384 0.5173333333333333 0.038 0.04933333333333333
0 0.31325000000000003 0.5253333333333333 0.0375 0.052
0 0.34075 0.565 0.0405 0.048666666666666664
0 0.27 0.571 0.041 0.051333333333333335
0 0.29625 0.6096666666666667 0.0415 0.05533333333333333
0 0.226 0.6196666666666667 0.041 0.049999999999999996
0 0.25125000000000003 0.6603333333333333 0.0415 0.048666666666666664
0 0.18225 0.6646666666666666 0.0415 0.050666666666666665
0 0.20875 0.7056666666666667 0.043500000000000004 0.054
0 0.13825 0.714 0.0405 0.05333333333333333
0 0.16475 0.7543333333333333 0.0395 0.051333333333333335
0 0.093 0.7643333333333333 0.043000000000000003 0.05533333333333333
0 0.121 0.8033333333333333 0.041 0.05733333333333333
0 0.04975 0.8113333333333334 0.0415 0.052
0 0.07675 0.851 0.0425 0.056666666666666664
0 0.013000000000000001 0.8583333333333333 0.025 0.05933333333333333
0 0.0325 0.9 0.04 0.05733333333333333
0 0.61025 0.743 0.043500000000000004 0.05533333333333333
0 0.56625 0.7923333333333333 0.0415 0.054
0 0.5235 0.8396666666666667 0.044 0.056666666666666664
0 0.47925 0.8923333333333333 0.0415 0.057999999999999996
0 0.4355 0.94 0.042 0.06
0 0.39025 0.981 0.0425 0.035333333333333335
