0 0.43925000000000003 0.006 0.0305 0.013333333333333332
0 0.39225 0.03233333333333333 0.0525 0.06466666666666666
0 0.34625 0.07966666666666666 0.0495 0.06066666666666667
0 0.2995 0.132 0.047 0.058666666666666666
0 0.25125000000000003 0.181 0.0455 0.05933333333333333
0 0.20350000000000001 0.23166666666666666 0.047 0.057999999999999996
0 0.1555 0.286 0.044 0.058666666666666666
0 0.10875 0.33466666666666667 0.043500000000000004 0.06
0 0.059500000000000004 0.388 0.045 0.058666666666666666
0 0.0175 0.439 0.035 0.05933333333333333
0 0.923 0.017666666666666667 0.045 0.035333333333333335
0 0.8505 0.022 0.047 0.04133333333333333
0 0.8795000000000001 0.056666666666666664 0.043000000000000003 0.05466666666666666
0 0.80525 0.066 0.0445 0.052
0 0.83375 0.106 0.0445 0.05466666666666666
0 0.76125 0.11466666666666667 0.043500000000000004 0.05733333333333333
0 0.791 0.15533333333333332 0.044 0.056
0 0.7145 0.165 0.044 0.057999999999999996
0 0.74425 0.20766666666666667 0.0415 0.05266666666666667
0 0.6705 0.216 0.042 0.052
0 0.7000000000000001 0.25866666666666666 0.043000000000000003 0.05733333333333333
0 0.6235 0.267 0.045 0.056666666666666664
0 0.65275 0.30966666666666665 0.0405 0.054
0 0.57775 0.3173333333333333 0.0425 0.06
0 0.6065 0.361 0.046 0.054
0 0.53125 0.37033333333333335 0.043500000000000004 0.05266666666666667
0 0.56025 0.413 0.0445 0.05933333333333333
0 0.485 0.422 0.04 0.05733333333333333
0 0.5145 0.46599999999999997 0.044 0.06
0 0.4655 0.5186666666666666 0.043000000000000003 0.06
0 0.43675 0.4766666666666666 0.0445 0.05733333333333333
0 0.38875 0.5296666666666666 0.0415 0.056666666666666664
0 0.41875 0.572 0.0465 0.06133333333333333
0 0.342 0.5833333333333333 0.04 0.056
0 0.3695 0.6263333333333333 0.044 0.057999999999999996
0 0.29275 0.635 0.0425 0.05533333333333333
0 0.3225 0.6826666666666666 0.043000000000000003 0.052
0 0.24375 0.6893333333333334 0.0445 0.06
0 0.273 0.7323333333333333 0.042 0.056666666666666664
0 0.196 0.7446666666666666 0.044 0.06
0 0.22425 0.7873333333333333 0.0475 0.06266666666666666
0 0.14525 0.7993333333333333 0.0445 0.06
0 0.17450000000000002 0.8436666666666667 0.044 0.057999999999999996
0 0.096 0.8543333333333333 0.044 0.057999999999999996
0 0.12475 0.9003333333333333 0.043500000000000004 0.05933333333333333
0 0.0475 0.9099999999999999 0.044 0.058666666666666666
0 0.07675 0.9526666666666667 0.0455 0.064
0 0.00975 0.9636666666666667 0.0205 0.05933333333333333
0 0.029750000000000002 0.988 0.0305 0.022666666666666665
0 0.9802500000000001 0.4463333333333333 0.0375 0.057999999999999996
0 0.93825 0.5016666666666667 0.0455 0.056666666666666664
0 0.8925000000000001 0.5529999999999999 0.043000000000000003 0.056666666666666664
0 0.8465 0.6083333333333333 0.042 0.05533333333333333
0 0.7995 0.6606666666666666 0.042 0.06
0 0.7535000000000001 0.715 0.044 0.05933333333333333
0 0.70625 0.77 0.0455 0.058666666666666666
0 0.65925 0.826 0.043500000000000004 0.058666666666666666
0 0.61125 0.8803333333333333 0.0445 0.06066666666666667
0 0.56375 0.9356666666666666 0.0425 0.06333333333333332
0 0.5145 0.9813333333333333 0.047 0.034666666666666665
