0 0.98075 0.434 0.0375 0.058666666666666666
0 0.93825 0.48033333333333333 0.0465 0.057999999999999996
0 0.89025 0.5316666666666666 0.0465 0.06066666666666667
0 0.8445 0.5796666666666667 0.047 0.06066666666666667
0 0.79825 0.6306666666666666 0.0455 0.058666666666666666
0 0.75175 0.6813333333333333 0.0455 0.058666666666666666
0 0.7045 0.7323333333333333 0.046 0.056666666666666664
0 0.65575 0.7833333333333333 0.0445 0.058666666666666666
0 0.60825 0.8363333333333333 0.0455 0.057999999999999996
0 0.5605 0.889 0.044 0.054
0 0.51275 0.94 0.0445 0.05466666666666666
0 0.4665 0.981 0.043000000000000003 0.035333333333333335
0 0.9805 0.9203333333333333 0.036000000000000004 0.062
0 0.99525 0.9646666666666667 0.0085 0.03333333333333333
0 0.935 0.973 0.046 0.049999999999999996
