0 0.465 0.012 0.041 0.022666666666666665
0 0.41400000000000003 0.04566666666666667 0.046 0.05266666666666667
0 0.36275 0.10099999999999999 0.0445 0.05533333333333333
0 0.31475000000000003 0.15366666666666667 0.0465 0.06066666666666667
0 0.49625 0.4646666666666667 0.0445 0.06
0 0.52575 0.5106666666666666 0.043500000000000004 0.06
0 0.54875 0.4096666666666667 0.0465 0.06333333333333332
0 0.57575 0.45366666666666666 0.0475 0.05933333333333333
0 0.59675 0.35433333333333333 0.0445 0.056666666666666664
0 0.62475 0.39999999999999997 0.0415 0.05733333333333333
0 0.64725 0.29766666666666663 0.0445 0.06066666666666667
0 0.67425 0.34199999999999997 0.043500000000000004 0.05733333333333333
0 0.6955 0.244 0.047 0.06133333333333333
0 0.7235 0.2876666666666667 0.044 0.06333333333333332
0 0.74475 0.18833333333333332 0.0445 0.054
0 0.773 0.23166666666666666 0.045 0.05933333333333333
0 0.7925 0.13466666666666666 0.044 0.058666666666666666
0 0.82075 0.18066666666666667 0.043500000000000004 0.056
0 0.84075 0.08266666666666667 0.0425 0.05466666666666666
0 0.87 0.125 0.041 0.057999999999999996
0 0.88775 0.03 0.0445 0.05733333333333333
0 0.918 0.073 0.044 0.056666666666666664
0 0.96625 0.022666666666666665 0.0425 0.04666666666666666
0 0.71625 0.8326666666666667 0.0505 0.06799999999999999
0 0.76925 0.7746666666666666 0.0455 0.06799999999999999
0 0.8185 0.7163333333333333 0.049 0.07133333333333333
0 0.8685 0.662 0.049 0.064
0 0.91725 0.604 0.0425 0.06133333333333333
0 0.967 0.5456666666666666 0.046 0.06333333333333332
0 0.99525 0.49466666666666664 0.006500000000000001 0.026666666666666665
