0 0.20750000000000002 0.192 0.044 0.05466666666666666
0 0.164 0.24066666666666667 0.043000000000000003 0.052
0 0.12025 0.2876666666666667 0.0425 0.048666666666666664
0 0.07475 0.33766666666666667 0.043500000000000004 0.05266666666666667
0 0.03 0.386 0.043000000000000003 0.058666666666666666
0 0.3955 0.4666666666666667 0.042 0.05733333333333333
0 0.42325 0.5073333333333333 0.0405 0.05333333333333333
0 0.35050000000000003 0.5163333333333333 0.043000000000000003 0.056666666666666664
0 0.379 0.5569999999999999 0.042 0.05266666666666667
0 0.30525 0.5643333333333334 0.0425 0.05533333333333333
0 0.334 0.6086666666666667 0.042 0.052
0 0.2615 0.6163333333333333 0.042 0.051333333333333335
0 0.291 0.657 0.044 0.051333333333333335
0 0.21675 0.6656666666666666 0.0425 0.057999999999999996
0 0.24525 0.7083333333333333 0.0415 0.049999999999999996
0 0.17175 0.7163333333333333 0.0395 0.05266666666666667
0 0.199 0.757 0.045 0.05266666666666667
0 0.124 0.7686666666666666 0.041 0.052
0 0.15175 0.8093333333333333 0.043500000000000004 0.05466666666666666
0 0.07825 0.8203333333333334 0.0425 0.056666666666666664
0 0.107 0.8616666666666667 0.043000000000000003 0.05533333333333333
0 0.0315 0.871 0.041 0.056666666666666664
0 0.0605 0.9136666666666666 0.043000000000000003 0.056666666666666664
0 0.003 0.9239999999999999 0.005 0.021333333333333333
0 0.0175 0.966 0.036000000000000004 0.058666666666666666
0 0.61725 0.7933333333333333 0.0485 0.056
0 0.5730000000000001 0.8423333333333333 0.042 0.057999999999999996
0 0.53 0.8953333333333333 0.043000000000000003 0.05733333333333333
0 0.48375 0.9493333333333333 0.0465 0.056
0 0.4395 0.9863333333333333 0.051000000000000004 0.026
