0 0.03925 0.09466666666666666 0.0305 0.042666666666666665
0 0.106 0.09466666666666666 0.032 0.042666666666666665
0 0.17175 0.092 0.0305 0.044
0 0.23850000000000002 0.095 0.032 0.046
0 0.3055 0.09566666666666666 0.028 0.04066666666666666
0 0.37225 0.09233333333333334 0.0345 0.04066666666666666
0 0.44075000000000003 0.09366666666666666 0.0305 0.04066666666666666
0 0.50675 0.092 0.0335 0.044
0 0.57375 0.09133333333333334 0.0315 0.03866666666666667
0 0.64125 0.092 0.0345 0.048
0 0.7075 0.09366666666666666 0.029 0.04066666666666666
0 0.7745 0.094 0.031 0.03866666666666667
0 0.84125 0.093 0.0315 0.041999999999999996
0 0.9087500000000001 0.093 0.0325 0.041999999999999996
0 0.9742500000000001 0.09033333333333333 0.0305 0.043333333333333335
0 0.027 0.519 0.03 0.04466666666666667
0 0.027 0.583 0.03 0.03666666666666667
0 0.0955 0.5193333333333333 0.029 0.04533333333333333
0 0.09525 0.5826666666666667 0.0285 0.04
0 0.165 0.5176666666666666 0.032 0.041999999999999996
0 0.1645 0.5826666666666667 0.031 0.04
0 0.233 0.517 0.032 0.04066666666666666
0 0.233 0.5813333333333334 0.03 0.04
0 0.3015 0.5186666666666666 0.033 0.04666666666666666
0 0.301 0.5826666666666667 0.032 0.04
0 0.3685 0.5176666666666666 0.029 0.041999999999999996
0 0.369 0.581 0.03 0.04466666666666667
0 0.4375 0.5176666666666666 0.034 0.04466666666666667
0 0.438 0.5816666666666667 0.032 0.043333333333333335
0 0.5075000000000001 0.5186666666666666 0.031 0.042666666666666665
0 0.50775 0.5813333333333334 0.0315 0.03733333333333333
0 0.57675 0.5176666666666666 0.0285 0.041999999999999996
0 0.57575 0.5816666666666667 0.0305 0.043333333333333335
0 0.644 0.5176666666666666 0.03 0.041999999999999996
0 0.645 0.5793333333333334 0.031 0.044
0 0.71275 0.5163333333333333 0.0305 0.043333333333333335
0 0.71425 0.58 0.0315 0.042666666666666665
0 0.78225 0.5166666666666666 0.0305 0.042666666666666665
0 0.782 0.5806666666666667 0.03 0.04
0 0.85075 0.5153333333333333 0.0335 0.04
0 0.8522500000000001 0.581 0.0335 0.04066666666666666
0 0.9177500000000001 0.5156666666666666 0.0335 0.04466666666666667
0 0.9187500000000001 0.5803333333333334 0.0315 0.04066666666666666
0 0.985 0.5153333333333333 0.029 0.03733333333333333
0 0.9862500000000001 0.5786666666666667 0.0265 0.042666666666666665
