0 0.40375 0.5953333333333333 0.029500000000000002 0.03866666666666667
0 0.47150000000000003 0.5966666666666667 0.032 0.036
0 0.537 0.5953333333333333 0.032 0.04133333333333333
0 0.6045 0.596 0.031 0.04
0 0.6707500000000001 0.596 0.0315 0.03733333333333333
0 0.7375 0.5946666666666667 0.03 0.042666666666666665
0 0.80475 0.594 0.0305 0.044
0 0.87175 0.5926666666666667 0.0335 0.04133333333333333
0 0.93875 0.594 0.0275 0.03733333333333333
0 0.994 0.594 0.009000000000000001 0.042666666666666665
