0 0.3915 0.02033333333333333 0.029 0.038
0 0.3895 0.08266666666666667 0.028 0.04133333333333333
0 0.46 0.021333333333333333 0.029 0.04
0 0.458 0.08233333333333333 0.03 0.041999999999999996
0 0.52775 0.019666666666666666 0.0315 0.03666666666666667
0 0.52725 0.08 0.0305 0.03733333333333333
0 0.59475 0.02033333333333333 0.0315 0.038
0 0.59475 0.08233333333333333 0.029500000000000002 0.041999999999999996
0 0.66425 0.022 0.0335 0.04133333333333333
0 0.6635 0.08266666666666667 0.035 0.048
0 0.73275 0.023 0.0375 0.043333333333333335
0 0.73275 0.082 0.035500000000000004 0.04666666666666666
0 0.80275 0.020999999999999998 0.0365 0.04066666666666666
0 0.801 0.08399999999999999 0.04 0.04533333333333333
0 0.871 0.021333333333333333 0.034 0.04
0 0.87025 0.082 0.035500000000000004 0.050666666666666665
0 0.937 0.022 0.039 0.04133333333333333
0 0.93875 0.08433333333333333 0.0425 0.046
0 0.377 0.5293333333333333 0.035 0.05333333333333333
0 0.447 0.5286666666666666 0.039 0.056
0 0.51775 0.5293333333333333 0.0365 0.050666666666666665
0 0.58775 0.527 0.035500000000000004 0.05266666666666667
0 0.6577500000000001 0.5276666666666666 0.0365 0.054
0 0.72675 0.5283333333333333 0.0375 0.05533333333333333
0 0.79625 0.528 0.035500000000000004 0.050666666666666665
0 0.86925 0.527 0.0375 0.05266666666666667
0 0.93825 0.5276666666666666 0.0365 0.049999999999999996
