0 0.01325 0.592 0.0245 0.04533333333333333
0 0.07275 0.592 0.0375 0.04533333333333333
0 0.1405 0.5933333333333333 0.039 0.04533333333333333
0 0.20750000000000002 0.594 0.035 0.044
0 0.27475 0.5946666666666667 0.0365 0.042666666666666665
0 0.34 0.5926666666666667 0.035 0.044
0 0.40875 0.5953333333333333 0.0375 0.04666666666666666
0 0.47400000000000003 0.594 0.038 0.044
0 0.5415 0.592 0.037 0.04533333333333333
0 0.608 0.5956666666666667 0.037 0.043333333333333335
0 0.6755 0.5956666666666667 0.038 0.043333333333333335
